inicut: 15805
iniimbal: 0.045047
replr: 0.100000
maxreplwgt: 25280
boun_cmin: 1
boun_cavg: 9.250000
boun_cmax: 19
boun_nmin: 3
boun_navg: 24.468750
boun_nmax: 52
boun_nnzmin: 3
boun_nnzavg: 32.328125
boun_nnzmax: 81
decom_cmin: 1
decom_cavg: 7.492188
decom_cmax: 13
decom_nmin: 3
decom_navg: 11.937500
decom_nmax: 27
decom_nnzmin: 3
decom_nnzavg: 14.132812
decom_nnzmax: 29
totreplwgt: 24032
minpartwgt: 2148
avgpartwgt: 2162.781250
maxpartwgt: 2172
fincut: 3944
finimbal: 0.004262
