inicut: 77832
iniimbal: 0.046072
replr: 0.010000
maxreplwgt: 290684
boun_cmin: 1
boun_cavg: 26.275510
boun_cmax: 99
boun_nmin: 1
boun_navg: 51.697279
boun_nmax: 217
boun_nnzmin: 1
boun_nnzavg: 76.591837
boun_nnzmax: 376
decom_cmin: 1
decom_cavg: 19.465986
decom_cmax: 65
decom_nmin: 1
decom_navg: 32.595238
decom_nmax: 131
decom_nnzmin: 1
decom_nnzavg: 43.159864
decom_nnzmax: 220
totreplwgt: 290664
minpartwgt: 108904
avgpartwgt: 114684.031250
maxpartwgt: 118780
fincut: 0
finimbal: 0.035715
