inicut: 71904
iniimbal: 0.055314
replr: 0.010000
maxreplwgt: 275320
boun_cmin: 1
boun_cavg: 24.038732
boun_cmax: 98
boun_nmin: 2
boun_navg: 47.897887
boun_nmax: 188
boun_nnzmin: 2
boun_nnzavg: 70.700704
boun_nnzmax: 343
decom_cmin: 1
decom_cavg: 19.077465
decom_cmax: 61
decom_nmin: 2
decom_navg: 34.056338
decom_nmax: 130
decom_nnzmin: 2
decom_nnzavg: 45.672535
decom_nnzmax: 208
totreplwgt: 275304
minpartwgt: 104232
avgpartwgt: 108622.515625
maxpartwgt: 113496
fincut: 0
finimbal: 0.044866
