inicut: 72240
iniimbal: 0.105523
replr: 0.010000
maxreplwgt: 109974
boun_cmin: 1
boun_cavg: 23.611399
boun_cmax: 89
boun_nmin: 2
boun_navg: 48.699482
boun_nmax: 195
boun_nnzmin: 2
boun_nnzavg: 74.031088
boun_nnzmax: 333
decom_cmin: 1
decom_cavg: 14.321244
decom_cmax: 29
decom_nmin: 2
decom_navg: 19.906736
decom_nmax: 62
decom_nnzmin: 2
decom_nnzavg: 21.854922
decom_nnzmax: 98
totreplwgt: 109972
minpartwgt: 37404
avgpartwgt: 43388.437500
maxpartwgt: 47492
fincut: 41616
finimbal: 0.094577
