inicut: 27834
iniimbal: 0.243402
replr: 0.100000
maxreplwgt: 120690
boun_cmin: 1
boun_cavg: 14.315789
boun_cmax: 50
boun_nmin: 1
boun_navg: 34.934211
boun_nmax: 124
boun_nnzmin: 1
boun_nnzavg: 54.842105
boun_nnzmax: 222
decom_cmin: 1
decom_cavg: 9.717105
decom_cmax: 21
decom_nmin: 1
decom_navg: 19.105263
decom_nmax: 58
decom_nnzmin: 1
decom_nnzavg: 25.789474
decom_nnzmax: 88
totreplwgt: 120668
minpartwgt: 9800
avgpartwgt: 10371.687500
maxpartwgt: 11724
fincut: 310
finimbal: 0.130385
