inicut: 66437
iniimbal: 0.385393
replr: 0.010000
maxreplwgt: 24657
boun_cmin: 2
boun_cavg: 21.712871
boun_cmax: 50
boun_nmin: 4
boun_navg: 47.465347
boun_nmax: 111
boun_nnzmin: 7
boun_nnzavg: 76.336634
boun_nnzmax: 210
decom_cmin: 2
decom_cavg: 13.455446
decom_cmax: 28
decom_nmin: 4
decom_navg: 14.683168
decom_nmax: 29
decom_nnzmin: 5
decom_nnzavg: 15.297030
decom_nnzmax: 29
totreplwgt: 24636
minpartwgt: 5456
avgpartwgt: 9728.156250
maxpartwgt: 13344
fincut: 50553
finimbal: 0.371688
