inicut: 35246
iniimbal: 0.045804
replr: 0.100000
maxreplwgt: 75688
boun_cmin: 2
boun_cavg: 16.816406
boun_cmax: 35
boun_nmin: 8
boun_navg: 40.214844
boun_nmax: 81
boun_nnzmin: 8
boun_nnzavg: 63.710938
boun_nnzmax: 139
decom_cmin: 2
decom_cavg: 8.847656
decom_cmax: 9
decom_nmin: 8
decom_navg: 9.203125
decom_nmax: 21
decom_nnzmin: 2
decom_nnzavg: 6.648438
decom_nnzmax: 25
totreplwgt: 72684
minpartwgt: 3228
avgpartwgt: 3240.500000
maxpartwgt: 3252
fincut: 22738
finimbal: 0.003549
