inicut: 72240
iniimbal: 0.105523
replr: 0.100000
maxreplwgt: 1099746
boun_cmin: 1
boun_cavg: 20.649573
boun_cmax: 86
boun_nmin: 1
boun_navg: 44.782051
boun_nmax: 187
boun_nnzmin: 1
boun_nnzavg: 67.564103
boun_nnzmax: 325
decom_cmin: 1
decom_cavg: 18.858974
decom_cmax: 60
decom_nmin: 1
decom_navg: 39.542735
decom_nmax: 135
decom_nnzmin: 1
decom_nnzavg: 57.320513
decom_nnzmax: 211
totreplwgt: 1097312
minpartwgt: 47228
avgpartwgt: 47245.234375
maxpartwgt: 47492
fincut: 372
finimbal: 0.005223
