inicut: 66437
iniimbal: 0.385393
replr: 0.010000
maxreplwgt: 24657
boun_cmin: 2
boun_cavg: 21.129032
boun_cmax: 53
boun_nmin: 4
boun_navg: 46.058065
boun_nmax: 124
boun_nnzmin: 4
boun_nnzavg: 73.980645
boun_nnzmax: 237
decom_cmin: 2
decom_cavg: 11.406452
decom_cmax: 12
decom_nmin: 4
decom_navg: 12.116129
decom_nmax: 30
decom_nnzmin: 2
decom_nnzavg: 8.277419
decom_nnzmax: 36
totreplwgt: 24656
minpartwgt: 5504
avgpartwgt: 9728.234375
maxpartwgt: 13344
fincut: 56350
finimbal: 0.371677
