inicut: 66437
iniimbal: 0.385393
replr: 0.100000
maxreplwgt: 246577
boun_cmin: 1
boun_cavg: 13.021818
boun_cmax: 50
boun_nmin: 1
boun_navg: 29.327273
boun_nmax: 102
boun_nnzmin: 1
boun_nnzavg: 46.167273
boun_nnzmax: 182
decom_cmin: 1
decom_cavg: 8.574545
decom_cmax: 20
decom_nmin: 1
decom_navg: 16.374545
decom_nmax: 47
decom_nnzmin: 1
decom_nnzavg: 22.552727
decom_nnzmax: 82
totreplwgt: 246564
minpartwgt: 10300
avgpartwgt: 10595.062500
maxpartwgt: 13344
fincut: 0
finimbal: 0.259455
