inicut: 44470
iniimbal: 0.926828
replr: 0.100000
maxreplwgt: 120690
boun_cmin: 1
boun_cavg: 12.854839
boun_cmax: 44
boun_nmin: 1
boun_navg: 30.938172
boun_nmax: 103
boun_nnzmin: 1
boun_nnzavg: 47.473118
boun_nnzmax: 180
decom_cmin: 1
decom_cavg: 6.655914
decom_cmax: 26
decom_nmin: 1
decom_navg: 10.752688
decom_nmax: 74
decom_nnzmin: 1
decom_nnzavg: 12.475806
decom_nnzmax: 105
totreplwgt: 120684
minpartwgt: 0
avgpartwgt: 5185.906250
maxpartwgt: 9084
fincut: 6962
finimbal: 0.751671
