inicut: 92628
iniimbal: 0.156455
replr: 0.010000
maxreplwgt: 319369
boun_cmin: 1
boun_cavg: 25.885609
boun_cmax: 90
boun_nmin: 1
boun_navg: 49.619926
boun_nmax: 200
boun_nnzmin: 1
boun_nnzavg: 75.638376
boun_nnzmax: 326
decom_cmin: 1
decom_cavg: 20.324723
decom_cmax: 76
decom_nmin: 1
decom_navg: 34.767528
decom_nmax: 162
decom_nnzmin: 1
decom_nnzavg: 48.084871
decom_nnzmax: 277
totreplwgt: 319364
minpartwgt: 104948
avgpartwgt: 126001.187500
maxpartwgt: 144272
fincut: 0
finimbal: 0.145005
