inicut: 72240
iniimbal: 0.105523
replr: 0.100000
maxreplwgt: 1099746
boun_cmin: 1
boun_cavg: 20.832618
boun_cmax: 86
boun_nmin: 1
boun_navg: 45.068670
boun_nmax: 187
boun_nnzmin: 1
boun_nnzavg: 68.321888
boun_nnzmax: 325
decom_cmin: 1
decom_cavg: 18.532189
decom_cmax: 59
decom_nmin: 1
decom_navg: 38.716738
decom_nmax: 135
decom_nnzmin: 1
decom_nnzavg: 56.042918
decom_nnzmax: 211
totreplwgt: 1097108
minpartwgt: 47228
avgpartwgt: 47244.437500
maxpartwgt: 47492
fincut: 216
finimbal: 0.005240
