inicut: 46231
iniimbal: 0.049589
replr: 0.010000
maxreplwgt: 155426
boun_cmin: 1
boun_cavg: 31.104839
boun_cmax: 79
boun_nmin: 2
boun_navg: 61.330645
boun_nmax: 156
boun_nnzmin: 2
boun_nnzavg: 93.411290
boun_nnzmax: 244
decom_cmin: 1
decom_cavg: 26.419355
decom_cmax: 72
decom_nmin: 2
decom_navg: 42.572581
decom_nmax: 117
decom_nnzmin: 2
decom_nnzavg: 60.862903
decom_nnzmax: 217
totreplwgt: 155416
minpartwgt: 116232
avgpartwgt: 122640.812500
maxpartwgt: 127448
fincut: 3180
finimbal: 0.039197
