inicut: 72240
iniimbal: 0.105523
replr: 0.010000
maxreplwgt: 109974
boun_cmin: 1
boun_cavg: 23.234973
boun_cmax: 89
boun_nmin: 2
boun_navg: 48.404372
boun_nmax: 195
boun_nnzmin: 2
boun_nnzavg: 73.131148
boun_nnzmax: 333
decom_cmin: 1
decom_cavg: 23.234973
decom_cmax: 89
decom_nmin: 2
decom_navg: 29.071038
decom_nmax: 89
decom_nnzmin: 2
decom_nnzavg: 34.546448
decom_nnzmax: 98
totreplwgt: 109968
minpartwgt: 37404
avgpartwgt: 43388.421875
maxpartwgt: 47492
fincut: 36383
finimbal: 0.094578
