inicut: 24003
iniimbal: 7.766116
replr: 0.010000
maxreplwgt: 23124
boun_cmin: 1
boun_cavg: 68.316667
boun_cmax: 705
boun_nmin: 1
boun_navg: 37.683333
boun_nmax: 341
boun_nnzmin: 1
boun_nnzavg: 99.475000
boun_nnzmax: 853
decom_cmin: 1
decom_cavg: 39.316667
decom_cmax: 589
decom_nmin: 1
decom_navg: 27.925000
decom_nmax: 319
decom_nnzmin: 1
decom_nnzavg: 52.841667
decom_nnzmax: 853
totreplwgt: 23124
minpartwgt: 83
avgpartwgt: 9123.519531
maxpartwgt: 79186
fincut: 22769
finimbal: 7.679326
