inicut: 45089
iniimbal: 0.070373
replr: 0.010000
maxreplwgt: 109974
boun_cmin: 1
boun_cavg: 26.930233
boun_cmax: 94
boun_nmin: 2
boun_navg: 57.426357
boun_nmax: 191
boun_nnzmin: 2
boun_nnzavg: 86.635659
boun_nnzmax: 341
decom_cmin: 1
decom_cavg: 18.155039
decom_cmax: 48
decom_nmin: 2
decom_navg: 30.062016
decom_nmax: 122
decom_nnzmin: 2
decom_nnzavg: 37.379845
decom_nnzmax: 165
totreplwgt: 109968
minpartwgt: 82320
avgpartwgt: 86776.843750
maxpartwgt: 91964
fincut: 13768
finimbal: 0.059776
