inicut: 44470
iniimbal: 0.926828
replr: 0.100000
maxreplwgt: 120690
boun_cmin: 1
boun_cavg: 12.745205
boun_cmax: 42
boun_nmin: 1
boun_navg: 30.939726
boun_nmax: 103
boun_nnzmin: 1
boun_nnzavg: 47.375342
boun_nnzmax: 180
decom_cmin: 1
decom_cavg: 6.589041
decom_cmax: 26
decom_nmin: 1
decom_navg: 10.775342
decom_nmax: 71
decom_nnzmin: 1
decom_nnzavg: 12.602740
decom_nnzmax: 100
totreplwgt: 120688
minpartwgt: 0
avgpartwgt: 5185.921875
maxpartwgt: 9084
fincut: 5983
finimbal: 0.751665
