inicut: 35246
iniimbal: 0.045804
replr: 0.010000
maxreplwgt: 7568
boun_cmin: 1
boun_cavg: 8.000000
boun_cmax: 21
boun_nmin: 1
boun_navg: 18.272727
boun_nmax: 51
boun_nnzmin: 1
boun_nnzavg: 19.663636
boun_nnzmax: 69
decom_cmin: 1
decom_cavg: 7.681818
decom_cmax: 18
decom_nmin: 1
decom_navg: 14.854545
decom_nmax: 29
decom_nnzmin: 1
decom_nnzavg: 15.300000
decom_nnzmax: 29
totreplwgt: 7564
minpartwgt: 2936
avgpartwgt: 2986.125000
maxpartwgt: 3092
fincut: 31902
finimbal: 0.035456
