inicut: 77832
iniimbal: 0.046072
replr: 0.010000
maxreplwgt: 290684
boun_cmin: 1
boun_cavg: 26.833922
boun_cmax: 99
boun_nmin: 3
boun_navg: 52.915194
boun_nmax: 221
boun_nnzmin: 3
boun_nnzavg: 78.134276
boun_nnzmax: 384
decom_cmin: 1
decom_cavg: 20.236749
decom_cmax: 64
decom_nmin: 3
decom_navg: 34.307420
decom_nmax: 133
decom_nnzmin: 3
decom_nnzavg: 45.600707
decom_nnzmax: 249
totreplwgt: 290660
minpartwgt: 109948
avgpartwgt: 114684.015625
maxpartwgt: 118780
fincut: 0
finimbal: 0.035715
