inicut: 20877
iniimbal: 0.067450
replr: 0.100000
maxreplwgt: 75688
boun_cmin: 1
boun_cavg: 18.360000
boun_cmax: 39
boun_nmin: 3
boun_navg: 44.864000
boun_nmax: 99
boun_nnzmin: 3
boun_nnzavg: 70.584000
boun_nnzmax: 169
decom_cmin: 1
decom_cavg: 9.400000
decom_cmax: 12
decom_nmin: 3
decom_navg: 11.512000
decom_nmax: 30
decom_nnzmin: 3
decom_nnzavg: 10.488000
decom_nnzmax: 43
totreplwgt: 74164
minpartwgt: 6480
avgpartwgt: 6492.562500
maxpartwgt: 6504
fincut: 6894
finimbal: 0.001762
