inicut: 71645
iniimbal: 0.065071
replr: 0.010000
maxreplwgt: 155426
boun_cmin: 1
boun_cavg: 26.548387
boun_cmax: 69
boun_nmin: 3
boun_navg: 54.446237
boun_nmax: 131
boun_nnzmin: 3
boun_nnzavg: 78.607527
boun_nnzmax: 210
decom_cmin: 1
decom_cavg: 17.827957
decom_cmax: 47
decom_nmin: 3
decom_navg: 27.053763
decom_nmax: 94
decom_nnzmin: 3
decom_nnzavg: 31.994624
decom_nnzmax: 144
totreplwgt: 155424
minpartwgt: 58588
avgpartwgt: 61320.437500
maxpartwgt: 64664
fincut: 27137
finimbal: 0.054526
