inicut: 24328
iniimbal: 0.081502
replr: 0.100000
maxreplwgt: 25280
boun_cmin: 1
boun_cavg: 6.764000
boun_cmax: 15
boun_nmin: 3
boun_navg: 16.476000
boun_nmax: 38
boun_nnzmin: 3
boun_nnzavg: 19.220000
boun_nnzmax: 51
decom_cmin: 1
decom_cavg: 6.352000
decom_cmax: 13
decom_nmin: 3
decom_navg: 14.120000
decom_nmax: 28
decom_nnzmin: 3
decom_nnzavg: 15.692000
decom_nnzmax: 29
totreplwgt: 22184
minpartwgt: 1060
avgpartwgt: 1074.171875
maxpartwgt: 1084
fincut: 12821
finimbal: 0.009149
