inicut: 77832
iniimbal: 0.046072
replr: 0.010000
maxreplwgt: 290684
boun_cmin: 1
boun_cavg: 26.954386
boun_cmax: 101
boun_nmin: 1
boun_navg: 53.087719
boun_nmax: 228
boun_nnzmin: 1
boun_nnzavg: 78.529825
boun_nnzmax: 398
decom_cmin: 1
decom_cavg: 20.000000
decom_cmax: 61
decom_nmin: 1
decom_navg: 33.659649
decom_nmax: 131
decom_nnzmin: 1
decom_nnzavg: 44.059649
decom_nnzmax: 247
totreplwgt: 290680
minpartwgt: 108404
avgpartwgt: 114684.093750
maxpartwgt: 118780
fincut: 0
finimbal: 0.035715
