inicut: 72240
iniimbal: 0.105523
replr: 0.100000
maxreplwgt: 1099746
boun_cmin: 1
boun_cavg: 20.601695
boun_cmax: 86
boun_nmin: 1
boun_navg: 44.622881
boun_nmax: 187
boun_nnzmin: 1
boun_nnzavg: 67.542373
boun_nnzmax: 325
decom_cmin: 1
decom_cavg: 18.618644
decom_cmax: 59
decom_nmin: 1
decom_navg: 38.868644
decom_nmax: 135
decom_nnzmin: 1
decom_nnzavg: 56.105932
decom_nnzmax: 211
totreplwgt: 1097628
minpartwgt: 47228
avgpartwgt: 47246.468750
maxpartwgt: 47492
fincut: 288
finimbal: 0.005197
