inicut: 59526
iniimbal: 0.061243
replr: 0.010000
maxreplwgt: 319369
boun_cmin: 1
boun_cavg: 32.064516
boun_cmax: 104
boun_nmin: 2
boun_navg: 61.330645
boun_nmax: 185
boun_nnzmin: 2
boun_nnzavg: 93.524194
boun_nnzmax: 306
decom_cmin: 1
decom_cavg: 25.233871
decom_cmax: 75
decom_nmin: 2
decom_navg: 44.266129
decom_nmax: 145
decom_nnzmin: 2
decom_nnzavg: 61.830645
decom_nnzmax: 220
totreplwgt: 319360
minpartwgt: 244328
avgpartwgt: 252002.343750
maxpartwgt: 264788
fincut: 20
finimbal: 0.050736
