inicut: 44470
iniimbal: 0.926828
replr: 0.100000
maxreplwgt: 120690
boun_cmin: 1
boun_cavg: 12.701370
boun_cmax: 44
boun_nmin: 1
boun_navg: 30.663014
boun_nmax: 103
boun_nnzmin: 1
boun_nnzavg: 46.882192
boun_nnzmax: 180
decom_cmin: 1
decom_cavg: 6.561644
decom_cmax: 29
decom_nmin: 1
decom_navg: 10.673973
decom_nmax: 76
decom_nnzmin: 1
decom_nnzavg: 12.328767
decom_nnzmax: 112
totreplwgt: 120680
minpartwgt: 28
avgpartwgt: 5185.890625
maxpartwgt: 9084
fincut: 6510
finimbal: 0.751676
