inicut: 66437
iniimbal: 0.385393
replr: 0.100000
maxreplwgt: 246577
boun_cmin: 1
boun_cavg: 13.000000
boun_cmax: 50
boun_nmin: 1
boun_navg: 29.517986
boun_nmax: 113
boun_nnzmin: 1
boun_nnzavg: 46.464029
boun_nnzmax: 199
decom_cmin: 1
decom_cavg: 8.482014
decom_cmax: 26
decom_nmin: 1
decom_navg: 16.320144
decom_nmax: 64
decom_nnzmin: 1
decom_nnzavg: 22.291367
decom_nnzmax: 106
totreplwgt: 246552
minpartwgt: 10276
avgpartwgt: 10595.015625
maxpartwgt: 13344
fincut: 0
finimbal: 0.259460
