inicut: 20877
iniimbal: 0.067450
replr: 0.100000
maxreplwgt: 75688
boun_cmin: 1
boun_cavg: 16.064000
boun_cmax: 40
boun_nmin: 4
boun_navg: 39.712000
boun_nmax: 96
boun_nnzmin: 4
boun_nnzavg: 61.728000
boun_nnzmax: 168
decom_cmin: 1
decom_cavg: 10.376000
decom_cmax: 21
decom_nmin: 4
decom_navg: 13.160000
decom_nmax: 35
decom_nnzmin: 4
decom_nnzavg: 14.784000
decom_nnzmax: 52
totreplwgt: 74444
minpartwgt: 6480
avgpartwgt: 6494.750000
maxpartwgt: 6504
fincut: 1826
finimbal: 0.001424
