inicut: 72240
iniimbal: 0.105523
replr: 0.010000
maxreplwgt: 109974
boun_cmin: 1
boun_cavg: 23.857895
boun_cmax: 89
boun_nmin: 3
boun_navg: 49.205263
boun_nmax: 195
boun_nnzmin: 3
boun_nnzavg: 74.836842
boun_nnzmax: 333
decom_cmin: 1
decom_cavg: 14.347368
decom_cmax: 33
decom_nmin: 3
decom_navg: 20.157895
decom_nmax: 74
decom_nnzmin: 3
decom_nnzavg: 21.694737
decom_nnzmax: 99
totreplwgt: 109968
minpartwgt: 37404
avgpartwgt: 43388.421875
maxpartwgt: 47492
fincut: 41068
finimbal: 0.094578
