inicut: 66437
iniimbal: 0.385393
replr: 0.100000
maxreplwgt: 246577
boun_cmin: 1
boun_cavg: 13.603704
boun_cmax: 50
boun_nmin: 1
boun_navg: 30.762963
boun_nmax: 117
boun_nnzmin: 1
boun_nnzavg: 48.696296
boun_nnzmax: 224
decom_cmin: 1
decom_cavg: 8.825926
decom_cmax: 26
decom_nmin: 1
decom_navg: 17.151852
decom_nmax: 62
decom_nnzmin: 1
decom_nnzavg: 23.688889
decom_nnzmax: 104
totreplwgt: 246564
minpartwgt: 10248
avgpartwgt: 10595.062500
maxpartwgt: 13344
fincut: 0
finimbal: 0.259455
