inicut: 44470
iniimbal: 0.926828
replr: 0.100000
maxreplwgt: 120690
boun_cmin: 1
boun_cavg: 12.887701
boun_cmax: 47
boun_nmin: 1
boun_navg: 31.176471
boun_nmax: 103
boun_nnzmin: 1
boun_nnzavg: 47.991979
boun_nnzmax: 207
decom_cmin: 1
decom_cavg: 6.708556
decom_cmax: 20
decom_nmin: 1
decom_navg: 10.989305
decom_nmax: 56
decom_nnzmin: 1
decom_nnzavg: 12.919786
decom_nnzmax: 77
totreplwgt: 120688
minpartwgt: 0
avgpartwgt: 5185.921875
maxpartwgt: 9084
fincut: 6210
finimbal: 0.751665
