inicut: 72240
iniimbal: 0.105523
replr: 0.100000
maxreplwgt: 1099746
boun_cmin: 1
boun_cavg: 23.252252
boun_cmax: 101
boun_nmin: 2
boun_navg: 46.698198
boun_nmax: 215
boun_nnzmin: 2
boun_nnzavg: 77.031532
boun_nnzmax: 407
decom_cmin: 1
decom_cavg: 21.594595
decom_cmax: 64
decom_nmin: 2
decom_navg: 41.373874
decom_nmax: 120
decom_nnzmin: 2
decom_nnzavg: 65.743243
decom_nnzmax: 211
totreplwgt: 1097472
minpartwgt: 47228
avgpartwgt: 47245.859375
maxpartwgt: 47492
fincut: 198
finimbal: 0.005210
