inicut: 44470
iniimbal: 0.926828
replr: 0.100000
maxreplwgt: 120690
boun_cmin: 1
boun_cavg: 12.682065
boun_cmax: 42
boun_nmin: 1
boun_navg: 30.472826
boun_nmax: 99
boun_nnzmin: 1
boun_nnzavg: 46.766304
boun_nnzmax: 179
decom_cmin: 1
decom_cavg: 6.589674
decom_cmax: 23
decom_nmin: 1
decom_navg: 10.684783
decom_nmax: 62
decom_nnzmin: 1
decom_nnzavg: 12.491848
decom_nnzmax: 91
totreplwgt: 120688
minpartwgt: 0
avgpartwgt: 5185.921875
maxpartwgt: 9084
fincut: 6380
finimbal: 0.751665
