inicut: 35246
iniimbal: 0.045804
replr: 0.100000
maxreplwgt: 75688
boun_cmin: 2
boun_cavg: 16.847656
boun_cmax: 34
boun_nmin: 7
boun_navg: 40.417969
boun_nmax: 82
boun_nnzmin: 8
boun_nnzavg: 63.886719
boun_nnzmax: 138
decom_cmin: 2
decom_cavg: 8.792969
decom_cmax: 9
decom_nmin: 7
decom_navg: 9.179688
decom_nmax: 21
decom_nnzmin: 3
decom_nnzavg: 6.558594
decom_nnzmax: 24
totreplwgt: 72636
minpartwgt: 3228
avgpartwgt: 3240.312500
maxpartwgt: 3252
fincut: 22668
finimbal: 0.003607
