inicut: 66437
iniimbal: 0.385393
replr: 0.010000
maxreplwgt: 24657
boun_cmin: 1
boun_cavg: 21.081250
boun_cmax: 54
boun_nmin: 2
boun_navg: 46.043750
boun_nmax: 125
boun_nnzmin: 2
boun_nnzavg: 73.787500
boun_nnzmax: 240
decom_cmin: 1
decom_cavg: 11.306250
decom_cmax: 14
decom_nmin: 2
decom_navg: 12.287500
decom_nmax: 40
decom_nnzmin: 2
decom_nnzavg: 8.587500
decom_nnzmax: 45
totreplwgt: 24656
minpartwgt: 5476
avgpartwgt: 9728.234375
maxpartwgt: 13344
fincut: 56263
finimbal: 0.371677
