inicut: 46231
iniimbal: 0.049589
replr: 0.010000
maxreplwgt: 155426
boun_cmin: 1
boun_cavg: 30.135338
boun_cmax: 80
boun_nmin: 4
boun_navg: 63.315789
boun_nmax: 183
boun_nnzmin: 4
boun_nnzavg: 90.631579
boun_nnzmax: 266
decom_cmin: 1
decom_cavg: 23.150376
decom_cmax: 56
decom_nmin: 4
decom_navg: 39.924812
decom_nmax: 119
decom_nnzmin: 4
decom_nnzavg: 51.954887
decom_nnzmax: 172
totreplwgt: 155424
minpartwgt: 115916
avgpartwgt: 122640.875000
maxpartwgt: 127448
fincut: 1529
finimbal: 0.039197
