inicut: 20877
iniimbal: 0.067450
replr: 0.100000
maxreplwgt: 75688
boun_cmin: 1
boun_cavg: 16.314961
boun_cmax: 39
boun_nmin: 2
boun_navg: 39.425197
boun_nmax: 99
boun_nnzmin: 2
boun_nnzavg: 62.503937
boun_nnzmax: 163
decom_cmin: 1
decom_cavg: 10.267717
decom_cmax: 22
decom_nmin: 2
decom_navg: 12.771654
decom_nmax: 38
decom_nnzmin: 2
decom_nnzavg: 14.283465
decom_nnzmax: 50
totreplwgt: 74476
minpartwgt: 6480
avgpartwgt: 6495.000000
maxpartwgt: 6504
fincut: 1913
finimbal: 0.001386
