inicut: 35246
iniimbal: 0.045804
replr: 0.010000
maxreplwgt: 7568
boun_cmin: 1
boun_cavg: 9.256757
boun_cmax: 21
boun_nmin: 1
boun_navg: 21.358108
boun_nmax: 56
boun_nnzmin: 1
boun_nnzavg: 24.216216
boun_nnzmax: 70
decom_cmin: 1
decom_cavg: 6.635135
decom_cmax: 7
decom_nmin: 1
decom_navg: 6.736486
decom_nmax: 7
decom_nnzmin: 1
decom_nnzavg: 3.972973
decom_nnzmax: 9
totreplwgt: 7544
minpartwgt: 2864
avgpartwgt: 2986.046875
maxpartwgt: 3092
fincut: 33103
finimbal: 0.035483
