inicut: 71904
iniimbal: 0.055314
replr: 0.010000
maxreplwgt: 275320
boun_cmin: 1
boun_cavg: 24.217082
boun_cmax: 95
boun_nmin: 2
boun_navg: 48.430605
boun_nmax: 185
boun_nnzmin: 2
boun_nnzavg: 71.131673
boun_nnzmax: 333
decom_cmin: 1
decom_cavg: 19.185053
decom_cmax: 58
decom_nmin: 2
decom_navg: 34.430605
decom_nmax: 120
decom_nnzmin: 2
decom_nnzavg: 46.099644
decom_nnzmax: 190
totreplwgt: 275300
minpartwgt: 104376
avgpartwgt: 108622.500000
maxpartwgt: 113496
fincut: 111
finimbal: 0.044866
