inicut: 20877
iniimbal: 0.067450
replr: 0.100000
maxreplwgt: 75688
boun_cmin: 1
boun_cavg: 18.368000
boun_cmax: 39
boun_nmin: 3
boun_navg: 44.520000
boun_nmax: 99
boun_nnzmin: 3
boun_nnzavg: 70.232000
boun_nnzmax: 169
decom_cmin: 1
decom_cavg: 9.592000
decom_cmax: 15
decom_nmin: 3
decom_navg: 11.560000
decom_nmax: 35
decom_nnzmin: 3
decom_nnzavg: 10.248000
decom_nnzmax: 50
totreplwgt: 74224
minpartwgt: 6480
avgpartwgt: 6493.031250
maxpartwgt: 6504
fincut: 6838
finimbal: 0.001689
