inicut: 77832
iniimbal: 0.046072
replr: 0.010000
maxreplwgt: 290684
boun_cmin: 1
boun_cavg: 26.434483
boun_cmax: 101
boun_nmin: 2
boun_navg: 52.124138
boun_nmax: 228
boun_nnzmin: 2
boun_nnzavg: 77.062069
boun_nnzmax: 398
decom_cmin: 1
decom_cavg: 19.444828
decom_cmax: 68
decom_nmin: 2
decom_navg: 32.600000
decom_nmax: 131
decom_nnzmin: 2
decom_nnzavg: 42.727586
decom_nnzmax: 229
totreplwgt: 290660
minpartwgt: 109992
avgpartwgt: 114684.015625
maxpartwgt: 118780
fincut: 0
finimbal: 0.035715
