inicut: 15805
iniimbal: 0.045047
replr: 0.100000
maxreplwgt: 25280
boun_cmin: 1
boun_cavg: 9.242188
boun_cmax: 19
boun_nmin: 3
boun_navg: 24.421875
boun_nmax: 52
boun_nnzmin: 3
boun_nnzavg: 32.335938
boun_nnzmax: 81
decom_cmin: 1
decom_cavg: 9.242188
decom_cmax: 19
decom_nmin: 3
decom_navg: 13.695312
decom_nmax: 27
decom_nnzmin: 3
decom_nnzavg: 16.812500
decom_nnzmax: 29
totreplwgt: 24012
minpartwgt: 2148
avgpartwgt: 2162.625000
maxpartwgt: 2172
fincut: 3946
finimbal: 0.004335
