inicut: 35246
iniimbal: 0.045804
replr: 0.010000
maxreplwgt: 7568
boun_cmin: 1
boun_cavg: 9.122449
boun_cmax: 21
boun_nmin: 1
boun_navg: 21.000000
boun_nmax: 56
boun_nnzmin: 1
boun_nnzavg: 23.775510
boun_nnzmax: 70
decom_cmin: 1
decom_cavg: 6.646259
decom_cmax: 7
decom_nmin: 1
decom_navg: 6.795918
decom_nmax: 13
decom_nnzmin: 1
decom_nnzavg: 4.115646
decom_nnzmax: 13
totreplwgt: 7556
minpartwgt: 2876
avgpartwgt: 2986.093750
maxpartwgt: 3092
fincut: 33135
finimbal: 0.035466
