inicut: 66437
iniimbal: 0.385393
replr: 0.100000
maxreplwgt: 246577
boun_cmin: 1
boun_cavg: 13.000000
boun_cmax: 50
boun_nmin: 1
boun_navg: 29.471014
boun_nmax: 113
boun_nnzmin: 1
boun_nnzavg: 46.304348
boun_nnzmax: 190
decom_cmin: 1
decom_cavg: 8.536232
decom_cmax: 20
decom_nmin: 1
decom_navg: 16.369565
decom_nmax: 48
decom_nnzmin: 1
decom_nnzavg: 22.434783
decom_nnzmax: 76
totreplwgt: 246556
minpartwgt: 10256
avgpartwgt: 10595.031250
maxpartwgt: 13344
fincut: 0
finimbal: 0.259458
