inicut: 46231
iniimbal: 0.049589
replr: 0.010000
maxreplwgt: 155426
boun_cmin: 2
boun_cavg: 31.057851
boun_cmax: 93
boun_nmin: 3
boun_navg: 61.892562
boun_nmax: 183
boun_nnzmin: 5
boun_nnzavg: 93.297521
boun_nnzmax: 294
decom_cmin: 2
decom_cavg: 26.743802
decom_cmax: 65
decom_nmin: 3
decom_navg: 44.082645
decom_nmax: 134
decom_nnzmin: 5
decom_nnzavg: 63.049587
decom_nnzmax: 216
totreplwgt: 155412
minpartwgt: 117056
avgpartwgt: 122640.781250
maxpartwgt: 127448
fincut: 2905
finimbal: 0.039198
