inicut: 44470
iniimbal: 0.926828
replr: 0.100000
maxreplwgt: 120690
boun_cmin: 1
boun_cavg: 12.704607
boun_cmax: 48
boun_nmin: 2
boun_navg: 30.823848
boun_nmax: 107
boun_nnzmin: 2
boun_nnzavg: 46.945799
boun_nnzmax: 195
decom_cmin: 1
decom_cavg: 6.663957
decom_cmax: 27
decom_nmin: 2
decom_navg: 10.934959
decom_nmax: 73
decom_nnzmin: 2
decom_nnzavg: 12.663957
decom_nnzmax: 116
totreplwgt: 120672
minpartwgt: 0
avgpartwgt: 5185.859375
maxpartwgt: 9084
fincut: 5967
finimbal: 0.751687
