inicut: 59526
iniimbal: 0.061243
replr: 0.010000
maxreplwgt: 319369
boun_cmin: 1
boun_cavg: 31.693548
boun_cmax: 95
boun_nmin: 2
boun_navg: 60.709677
boun_nmax: 175
boun_nnzmin: 2
boun_nnzavg: 92.620968
boun_nnzmax: 309
decom_cmin: 1
decom_cavg: 25.540323
decom_cmax: 95
decom_nmin: 2
decom_navg: 45.032258
decom_nmax: 175
decom_nnzmin: 2
decom_nnzavg: 63.153226
decom_nnzmax: 284
totreplwgt: 319348
minpartwgt: 244328
avgpartwgt: 252002.250000
maxpartwgt: 264788
fincut: 35
finimbal: 0.050737
