inicut: 45089
iniimbal: 0.070373
replr: 0.010000
maxreplwgt: 109974
boun_cmin: 1
boun_cavg: 26.961240
boun_cmax: 90
boun_nmin: 2
boun_navg: 57.511628
boun_nmax: 202
boun_nnzmin: 3
boun_nnzavg: 86.542636
boun_nnzmax: 330
decom_cmin: 1
decom_cavg: 17.844961
decom_cmax: 48
decom_nmin: 2
decom_navg: 29.240310
decom_nmax: 122
decom_nnzmin: 3
decom_nnzavg: 35.813953
decom_nnzmax: 165
totreplwgt: 109956
minpartwgt: 81788
avgpartwgt: 86776.750000
maxpartwgt: 91964
fincut: 13527
finimbal: 0.059777
