inicut: 66437
iniimbal: 0.385393
replr: 0.100000
maxreplwgt: 246577
boun_cmin: 1
boun_cavg: 13.272059
boun_cmax: 50
boun_nmin: 1
boun_navg: 30.084559
boun_nmax: 125
boun_nnzmin: 1
boun_nnzavg: 47.319853
boun_nnzmax: 211
decom_cmin: 1
decom_cavg: 8.727941
decom_cmax: 21
decom_nmin: 1
decom_navg: 16.812500
decom_nmax: 54
decom_nnzmin: 1
decom_nnzavg: 23.095588
decom_nnzmax: 81
totreplwgt: 246564
minpartwgt: 10236
avgpartwgt: 10595.062500
maxpartwgt: 13344
fincut: 0
finimbal: 0.259455
