inicut: 72240
iniimbal: 0.105523
replr: 0.010000
maxreplwgt: 109974
boun_cmin: 1
boun_cavg: 24.133690
boun_cmax: 89
boun_nmin: 2
boun_navg: 49.764706
boun_nmax: 195
boun_nnzmin: 2
boun_nnzavg: 75.609626
boun_nnzmax: 333
decom_cmin: 1
decom_cavg: 14.652406
decom_cmax: 28
decom_nmin: 2
decom_navg: 20.673797
decom_nmax: 62
decom_nnzmin: 2
decom_nnzavg: 22.855615
decom_nnzmax: 98
totreplwgt: 109968
minpartwgt: 37432
avgpartwgt: 43388.421875
maxpartwgt: 47492
fincut: 41307
finimbal: 0.094578
