inicut: 50172
iniimbal: 0.052818
replr: 0.010000
maxreplwgt: 290684
boun_cmin: 2
boun_cavg: 32.508065
boun_cmax: 115
boun_nmin: 5
boun_navg: 64.185484
boun_nmax: 236
boun_nnzmin: 5
boun_nnzavg: 93.983871
boun_nnzmax: 395
decom_cmin: 2
decom_cavg: 28.129032
decom_cmax: 94
decom_nmin: 5
decom_navg: 50.661290
decom_nmax: 192
decom_nnzmin: 5
decom_nnzavg: 70.387097
decom_nnzmax: 327
totreplwgt: 290680
minpartwgt: 222764
avgpartwgt: 229368.187500
maxpartwgt: 239092
fincut: 0
finimbal: 0.042394
