inicut: 92628
iniimbal: 0.156455
replr: 0.010000
maxreplwgt: 319369
boun_cmin: 1
boun_cavg: 26.048507
boun_cmax: 101
boun_nmin: 2
boun_navg: 50.130597
boun_nmax: 200
boun_nnzmin: 3
boun_nnzavg: 76.384328
boun_nnzmax: 357
decom_cmin: 1
decom_cavg: 20.600746
decom_cmax: 76
decom_nmin: 2
decom_navg: 35.354478
decom_nmax: 162
decom_nnzmin: 3
decom_nnzavg: 48.973881
decom_nnzmax: 277
totreplwgt: 319348
minpartwgt: 104948
avgpartwgt: 126001.125000
maxpartwgt: 144272
fincut: 0
finimbal: 0.145006
