inicut: 44304
iniimbal: 0.047039
replr: 0.010000
maxreplwgt: 275320
boun_cmin: 1
boun_cavg: 31.169231
boun_cmax: 108
boun_nmin: 2
boun_navg: 59.446154
boun_nmax: 204
boun_nnzmin: 2
boun_nnzavg: 90.169231
boun_nnzmax: 336
decom_cmin: 1
decom_cavg: 27.284615
decom_cmax: 78
decom_nmin: 2
decom_navg: 45.476923
decom_nmax: 167
decom_nnzmin: 2
decom_nnzavg: 65.100000
decom_nnzmax: 239
totreplwgt: 275312
minpartwgt: 204912
avgpartwgt: 217245.093750
maxpartwgt: 225212
fincut: 123
finimbal: 0.036672
