inicut: 35246
iniimbal: 0.045804
replr: 0.010000
maxreplwgt: 7568
boun_cmin: 1
boun_cavg: 9.091549
boun_cmax: 23
boun_nmin: 1
boun_navg: 20.859155
boun_nmax: 56
boun_nnzmin: 1
boun_nnzavg: 23.577465
boun_nnzmax: 70
decom_cmin: 1
decom_cavg: 6.640845
decom_cmax: 7
decom_nmin: 1
decom_navg: 6.781690
decom_nmax: 12
decom_nnzmin: 1
decom_nnzavg: 4.091549
decom_nnzmax: 15
totreplwgt: 7556
minpartwgt: 2876
avgpartwgt: 2986.093750
maxpartwgt: 3092
fincut: 33232
finimbal: 0.035466
