inicut: 72240
iniimbal: 0.105523
replr: 0.100000
maxreplwgt: 1099746
boun_cmin: 1
boun_cavg: 20.872340
boun_cmax: 86
boun_nmin: 1
boun_navg: 45.204255
boun_nmax: 187
boun_nnzmin: 1
boun_nnzavg: 68.446809
boun_nnzmax: 325
decom_cmin: 1
decom_cavg: 18.782979
decom_cmax: 59
decom_nmin: 1
decom_navg: 39.293617
decom_nmax: 135
decom_nnzmin: 1
decom_nnzavg: 56.829787
decom_nnzmax: 211
totreplwgt: 1097568
minpartwgt: 47228
avgpartwgt: 47246.234375
maxpartwgt: 47492
fincut: 268
finimbal: 0.005202
