inicut: 45089
iniimbal: 0.070373
replr: 0.010000
maxreplwgt: 109974
boun_cmin: 1
boun_cavg: 27.706349
boun_cmax: 94
boun_nmin: 2
boun_navg: 58.928571
boun_nmax: 208
boun_nnzmin: 3
boun_nnzavg: 88.777778
boun_nnzmax: 345
decom_cmin: 1
decom_cavg: 18.238095
decom_cmax: 48
decom_nmin: 2
decom_navg: 29.952381
decom_nmax: 122
decom_nnzmin: 3
decom_nnzavg: 36.785714
decom_nnzmax: 165
totreplwgt: 109972
minpartwgt: 82416
avgpartwgt: 86776.875000
maxpartwgt: 91964
fincut: 13832
finimbal: 0.059775
