inicut: 35246
iniimbal: 0.045804
replr: 0.010000
maxreplwgt: 7568
boun_cmin: 1
boun_cavg: 9.238411
boun_cmax: 21
boun_nmin: 1
boun_navg: 21.331126
boun_nmax: 56
boun_nnzmin: 1
boun_nnzavg: 24.245033
boun_nnzmax: 70
decom_cmin: 1
decom_cavg: 6.635762
decom_cmax: 7
decom_nmin: 1
decom_navg: 6.721854
decom_nmax: 7
decom_nnzmin: 1
decom_nnzavg: 4.019868
decom_nnzmax: 9
totreplwgt: 7568
minpartwgt: 2856
avgpartwgt: 2986.140625
maxpartwgt: 3092
fincut: 33081
finimbal: 0.035450
