inicut: 50172
iniimbal: 0.052818
replr: 0.010000
maxreplwgt: 290684
boun_cmin: 2
boun_cavg: 31.714286
boun_cmax: 103
boun_nmin: 5
boun_navg: 62.825397
boun_nmax: 215
boun_nnzmin: 5
boun_nnzavg: 91.880952
boun_nnzmax: 361
decom_cmin: 2
decom_cavg: 27.460317
decom_cmax: 78
decom_nmin: 5
decom_navg: 49.523810
decom_nmax: 154
decom_nnzmin: 5
decom_nnzavg: 68.753968
decom_nnzmax: 271
totreplwgt: 290680
minpartwgt: 222764
avgpartwgt: 229368.187500
maxpartwgt: 239092
fincut: 0
finimbal: 0.042394
