inicut: 71645
iniimbal: 0.065071
replr: 0.010000
maxreplwgt: 155426
boun_cmin: 1
boun_cavg: 24.230769
boun_cmax: 69
boun_nmin: 2
boun_navg: 50.687179
boun_nmax: 131
boun_nnzmin: 2
boun_nnzavg: 71.635897
boun_nnzmax: 210
decom_cmin: 1
decom_cavg: 19.128205
decom_cmax: 47
decom_nmin: 2
decom_navg: 28.102564
decom_nmax: 97
decom_nnzmin: 2
decom_nnzavg: 34.282051
decom_nnzmax: 145
totreplwgt: 155420
minpartwgt: 58380
avgpartwgt: 61320.421875
maxpartwgt: 64664
fincut: 22337
finimbal: 0.054526
