inicut: 66437
iniimbal: 0.385393
replr: 0.100000
maxreplwgt: 246577
boun_cmin: 1
boun_cavg: 13.177122
boun_cmax: 50
boun_nmin: 1
boun_navg: 29.793358
boun_nmax: 125
boun_nnzmin: 1
boun_nnzavg: 47.062731
boun_nnzmax: 210
decom_cmin: 1
decom_cavg: 8.841328
decom_cmax: 22
decom_nmin: 1
decom_navg: 17.243542
decom_nmax: 57
decom_nnzmin: 1
decom_nnzavg: 24.154982
decom_nnzmax: 88
totreplwgt: 246576
minpartwgt: 10252
avgpartwgt: 10595.109375
maxpartwgt: 13344
fincut: 0
finimbal: 0.259449
