inicut: 66437
iniimbal: 0.385393
replr: 0.100000
maxreplwgt: 246577
boun_cmin: 1
boun_cavg: 13.239852
boun_cmax: 50
boun_nmin: 1
boun_navg: 29.940959
boun_nmax: 114
boun_nnzmin: 1
boun_nnzavg: 47.247232
boun_nnzmax: 199
decom_cmin: 1
decom_cavg: 8.741697
decom_cmax: 25
decom_nmin: 1
decom_navg: 16.712177
decom_nmax: 55
decom_nnzmin: 1
decom_nnzavg: 22.963100
decom_nnzmax: 93
totreplwgt: 246564
minpartwgt: 10324
avgpartwgt: 10595.062500
maxpartwgt: 13344
fincut: 0
finimbal: 0.259455
