inicut: 59526
iniimbal: 0.061243
replr: 0.010000
maxreplwgt: 319369
boun_cmin: 1
boun_cavg: 30.459677
boun_cmax: 95
boun_nmin: 1
boun_navg: 58.838710
boun_nmax: 175
boun_nnzmin: 1
boun_nnzavg: 88.879032
boun_nnzmax: 305
decom_cmin: 1
decom_cavg: 30.459677
decom_cmax: 95
decom_nmin: 1
decom_navg: 49.451613
decom_nmax: 175
decom_nnzmin: 1
decom_nnzavg: 67.798387
decom_nnzmax: 284
totreplwgt: 319344
minpartwgt: 244396
avgpartwgt: 252002.218750
maxpartwgt: 264788
fincut: 15
finimbal: 0.050737
