inicut: 24328
iniimbal: 0.081502
replr: 0.010000
maxreplwgt: 2528
boun_cmin: 1
boun_cavg: 5.323944
boun_cmax: 9
boun_nmin: 2
boun_navg: 14.295775
boun_nmax: 31
boun_nnzmin: 2
boun_nnzavg: 14.591549
boun_nnzmax: 31
decom_cmin: 1
decom_cavg: 3.816901
decom_cmax: 4
decom_nmin: 2
decom_navg: 3.873239
decom_nmax: 4
decom_nnzmin: 1
decom_nnzavg: 2.394366
decom_nnzmax: 4
totreplwgt: 2524
minpartwgt: 936
avgpartwgt: 997.375000
maxpartwgt: 1068
fincut: 23246
finimbal: 0.070811
