inicut: 66437
iniimbal: 0.385393
replr: 0.010000
maxreplwgt: 24657
boun_cmin: 2
boun_cavg: 21.635762
boun_cmax: 52
boun_nmin: 4
boun_navg: 47.125828
boun_nmax: 125
boun_nnzmin: 4
boun_nnzavg: 75.821192
boun_nnzmax: 232
decom_cmin: 2
decom_cavg: 11.622517
decom_cmax: 12
decom_nmin: 4
decom_navg: 11.980132
decom_nmax: 26
decom_nnzmin: 2
decom_nnzavg: 7.761589
decom_nnzmax: 31
totreplwgt: 24632
minpartwgt: 5476
avgpartwgt: 9728.140625
maxpartwgt: 13344
fincut: 56792
finimbal: 0.371691
