inicut: 20877
iniimbal: 0.067450
replr: 0.100000
maxreplwgt: 75688
boun_cmin: 1
boun_cavg: 14.944000
boun_cmax: 31
boun_nmin: 2
boun_navg: 38.024000
boun_nmax: 79
boun_nnzmin: 2
boun_nnzavg: 57.176000
boun_nnzmax: 121
decom_cmin: 1
decom_cavg: 10.256000
decom_cmax: 19
decom_nmin: 2
decom_navg: 13.504000
decom_nmax: 35
decom_nnzmin: 2
decom_nnzavg: 15.728000
decom_nnzmax: 46
totreplwgt: 74408
minpartwgt: 6480
avgpartwgt: 6494.468750
maxpartwgt: 6504
fincut: 1615
finimbal: 0.001468
