inicut: 44304
iniimbal: 0.047039
replr: 0.010000
maxreplwgt: 275320
boun_cmin: 1
boun_cavg: 30.129771
boun_cmax: 109
boun_nmin: 1
boun_navg: 60.030534
boun_nmax: 186
boun_nnzmin: 1
boun_nnzavg: 87.206107
boun_nnzmax: 301
decom_cmin: 1
decom_cavg: 24.862595
decom_cmax: 62
decom_nmin: 1
decom_navg: 44.992366
decom_nmax: 126
decom_nnzmin: 1
decom_nnzavg: 61.076336
decom_nnzmax: 196
totreplwgt: 275300
minpartwgt: 207432
avgpartwgt: 217245.000000
maxpartwgt: 225212
fincut: 135
finimbal: 0.036673
