inicut: 50172
iniimbal: 0.052818
replr: 0.010000
maxreplwgt: 290684
boun_cmin: 2
boun_cavg: 31.464567
boun_cmax: 111
boun_nmin: 5
boun_navg: 62.314961
boun_nmax: 232
boun_nnzmin: 5
boun_nnzavg: 91.007874
boun_nnzmax: 384
decom_cmin: 2
decom_cavg: 27.251969
decom_cmax: 78
decom_nmin: 5
decom_navg: 49.283465
decom_nmax: 167
decom_nnzmin: 5
decom_nnzavg: 68.181102
decom_nnzmax: 267
totreplwgt: 290684
minpartwgt: 222764
avgpartwgt: 229368.218750
maxpartwgt: 239092
fincut: 0
finimbal: 0.042394
