inicut: 45089
iniimbal: 0.070373
replr: 0.010000
maxreplwgt: 109974
boun_cmin: 1
boun_cavg: 27.701613
boun_cmax: 87
boun_nmin: 2
boun_navg: 58.935484
boun_nmax: 191
boun_nnzmin: 2
boun_nnzavg: 88.870968
boun_nnzmax: 320
decom_cmin: 1
decom_cavg: 18.306452
decom_cmax: 48
decom_nmin: 2
decom_navg: 29.782258
decom_nmax: 122
decom_nnzmin: 2
decom_nnzavg: 36.298387
decom_nnzmax: 165
totreplwgt: 109972
minpartwgt: 81788
avgpartwgt: 86776.875000
maxpartwgt: 91964
fincut: 13749
finimbal: 0.059775
