inicut: 20877
iniimbal: 0.067450
replr: 0.100000
maxreplwgt: 75688
boun_cmin: 2
boun_cavg: 17.928000
boun_cmax: 33
boun_nmin: 4
boun_navg: 43.712000
boun_nmax: 81
boun_nnzmin: 8
boun_nnzavg: 68.568000
boun_nnzmax: 136
decom_cmin: 2
decom_cavg: 9.624000
decom_cmax: 14
decom_nmin: 4
decom_navg: 11.656000
decom_nmax: 34
decom_nnzmin: 3
decom_nnzavg: 10.872000
decom_nnzmax: 46
totreplwgt: 74316
minpartwgt: 6480
avgpartwgt: 6493.750000
maxpartwgt: 6504
fincut: 6031
finimbal: 0.001578
