inicut: 66437
iniimbal: 0.385393
replr: 0.100000
maxreplwgt: 246577
boun_cmin: 1
boun_cavg: 13.156934
boun_cmax: 48
boun_nmin: 1
boun_navg: 29.886861
boun_nmax: 118
boun_nnzmin: 1
boun_nnzavg: 47.193431
boun_nnzmax: 199
decom_cmin: 1
decom_cavg: 8.562044
decom_cmax: 22
decom_nmin: 1
decom_navg: 16.386861
decom_nmax: 50
decom_nnzmin: 1
decom_nnzavg: 22.507299
decom_nnzmax: 86
totreplwgt: 246552
minpartwgt: 10256
avgpartwgt: 10595.015625
maxpartwgt: 13344
fincut: 0
finimbal: 0.259460
