inicut: 15805
iniimbal: 0.045047
replr: 0.100000
maxreplwgt: 25280
boun_cmin: 1
boun_cavg: 10.851562
boun_cmax: 24
boun_nmin: 3
boun_navg: 27.914062
boun_nmax: 60
boun_nnzmin: 3
boun_nnzavg: 38.093750
boun_nnzmax: 98
decom_cmin: 1
decom_cavg: 6.875000
decom_cmax: 7
decom_nmin: 3
decom_navg: 7.148438
decom_nmax: 16
decom_nnzmin: 2
decom_nnzavg: 4.843750
decom_nnzmax: 19
totreplwgt: 23876
minpartwgt: 2148
avgpartwgt: 2161.562500
maxpartwgt: 2172
fincut: 9580
finimbal: 0.004829
