inicut: 72240
iniimbal: 0.105523
replr: 0.010000
maxreplwgt: 109974
boun_cmin: 1
boun_cavg: 24.111702
boun_cmax: 89
boun_nmin: 2
boun_navg: 49.505319
boun_nmax: 195
boun_nnzmin: 2
boun_nnzavg: 75.446809
boun_nnzmax: 333
decom_cmin: 1
decom_cavg: 14.500000
decom_cmax: 30
decom_nmin: 2
decom_navg: 20.297872
decom_nmax: 68
decom_nnzmin: 2
decom_nnzavg: 22.324468
decom_nnzmax: 98
totreplwgt: 109972
minpartwgt: 37404
avgpartwgt: 43388.437500
maxpartwgt: 47492
fincut: 41350
finimbal: 0.094577
