inicut: 20877
iniimbal: 0.067450
replr: 0.100000
maxreplwgt: 75688
boun_cmin: 1
boun_cavg: 18.288000
boun_cmax: 39
boun_nmin: 2
boun_navg: 44.744000
boun_nmax: 99
boun_nnzmin: 2
boun_nnzavg: 70.328000
boun_nnzmax: 169
decom_cmin: 1
decom_cavg: 9.584000
decom_cmax: 15
decom_nmin: 2
decom_navg: 11.760000
decom_nmax: 35
decom_nnzmin: 2
decom_nnzavg: 10.736000
decom_nnzmax: 50
totreplwgt: 74276
minpartwgt: 6480
avgpartwgt: 6493.437500
maxpartwgt: 6504
fincut: 6621
finimbal: 0.001627
