inicut: 44304
iniimbal: 0.047039
replr: 0.010000
maxreplwgt: 275320
boun_cmin: 1
boun_cavg: 29.548872
boun_cmax: 109
boun_nmin: 1
boun_navg: 59.368421
boun_nmax: 178
boun_nnzmin: 1
boun_nnzavg: 85.654135
boun_nnzmax: 287
decom_cmin: 1
decom_cavg: 24.323308
decom_cmax: 62
decom_nmin: 1
decom_navg: 44.466165
decom_nmax: 126
decom_nnzmin: 1
decom_nnzavg: 59.646617
decom_nnzmax: 196
totreplwgt: 275304
minpartwgt: 207432
avgpartwgt: 217245.031250
maxpartwgt: 225212
fincut: 143
finimbal: 0.036673
