inicut: 27834
iniimbal: 0.243402
replr: 0.100000
maxreplwgt: 120690
boun_cmin: 1
boun_cavg: 13.772152
boun_cmax: 50
boun_nmin: 2
boun_navg: 33.797468
boun_nmax: 124
boun_nnzmin: 2
boun_nnzavg: 52.949367
boun_nnzmax: 222
decom_cmin: 1
decom_cavg: 9.240506
decom_cmax: 33
decom_nmin: 2
decom_navg: 18.284810
decom_nmax: 80
decom_nnzmin: 2
decom_nnzavg: 24.607595
decom_nnzmax: 132
totreplwgt: 120668
minpartwgt: 9812
avgpartwgt: 10371.687500
maxpartwgt: 11724
fincut: 349
finimbal: 0.130385
