inicut: 50172
iniimbal: 0.052818
replr: 0.010000
maxreplwgt: 290684
boun_cmin: 2
boun_cavg: 31.888889
boun_cmax: 120
boun_nmin: 5
boun_navg: 62.793651
boun_nmax: 250
boun_nnzmin: 5
boun_nnzavg: 92.134921
boun_nnzmax: 416
decom_cmin: 2
decom_cavg: 27.595238
decom_cmax: 81
decom_nmin: 5
decom_navg: 49.563492
decom_nmax: 163
decom_nnzmin: 5
decom_nnzavg: 68.904762
decom_nnzmax: 279
totreplwgt: 290660
minpartwgt: 222756
avgpartwgt: 229368.031250
maxpartwgt: 239092
fincut: 0
finimbal: 0.042395
