inicut: 20877
iniimbal: 0.067450
replr: 0.100000
maxreplwgt: 75688
boun_cmin: 3
boun_cavg: 17.856000
boun_cmax: 38
boun_nmin: 4
boun_navg: 43.296000
boun_nmax: 98
boun_nnzmin: 10
boun_nnzavg: 68.232000
boun_nnzmax: 164
decom_cmin: 3
decom_cavg: 9.600000
decom_cmax: 13
decom_nmin: 4
decom_navg: 11.816000
decom_nmax: 34
decom_nnzmin: 3
decom_nnzavg: 11.008000
decom_nnzmax: 43
totreplwgt: 74156
minpartwgt: 6480
avgpartwgt: 6492.500000
maxpartwgt: 6504
fincut: 6789
finimbal: 0.001771
