inicut: 24003
iniimbal: 7.766116
replr: 0.010000
maxreplwgt: 23124
boun_cmin: 1
boun_cavg: 78.260504
boun_cmax: 1677
boun_nmin: 1
boun_navg: 38.327731
boun_nmax: 341
boun_nnzmin: 1
boun_nnzavg: 114.142857
boun_nnzmax: 2530
decom_cmin: 1
decom_cavg: 40.000000
decom_cmax: 1677
decom_nmin: 1
decom_navg: 22.319328
decom_nmax: 78
decom_nnzmin: 1
decom_nnzavg: 65.949580
decom_nnzmax: 2530
totreplwgt: 23124
minpartwgt: 83
avgpartwgt: 9123.519531
maxpartwgt: 79186
fincut: 23146
finimbal: 7.679326
