inicut: 35246
iniimbal: 0.045804
replr: 0.100000
maxreplwgt: 75688
boun_cmin: 4
boun_cavg: 16.835938
boun_cmax: 34
boun_nmin: 10
boun_navg: 40.324219
boun_nmax: 87
boun_nnzmin: 13
boun_nnzavg: 63.750000
boun_nnzmax: 147
decom_cmin: 4
decom_cavg: 8.843750
decom_cmax: 9
decom_nmin: 9
decom_navg: 9.230469
decom_nmax: 21
decom_nnzmin: 2
decom_nnzavg: 6.648438
decom_nnzmax: 25
totreplwgt: 72796
minpartwgt: 3228
avgpartwgt: 3240.937500
maxpartwgt: 3252
fincut: 22336
finimbal: 0.003413
