inicut: 20877
iniimbal: 0.067450
replr: 0.100000
maxreplwgt: 75688
boun_cmin: 2
boun_cavg: 18.253968
boun_cmax: 39
boun_nmin: 4
boun_navg: 44.420635
boun_nmax: 99
boun_nnzmin: 5
boun_nnzavg: 70.119048
boun_nnzmax: 169
decom_cmin: 2
decom_cavg: 9.484127
decom_cmax: 12
decom_nmin: 4
decom_navg: 11.587302
decom_nmax: 30
decom_nnzmin: 3
decom_nnzavg: 10.849206
decom_nnzmax: 41
totreplwgt: 74164
minpartwgt: 6480
avgpartwgt: 6492.562500
maxpartwgt: 6504
fincut: 7016
finimbal: 0.001762
