inicut: 71645
iniimbal: 0.065071
replr: 0.010000
maxreplwgt: 155426
boun_cmin: 1
boun_cavg: 25.785714
boun_cmax: 69
boun_nmin: 3
boun_navg: 53.367347
boun_nmax: 133
boun_nnzmin: 3
boun_nnzavg: 76.326531
boun_nnzmax: 225
decom_cmin: 1
decom_cavg: 17.102041
decom_cmax: 49
decom_nmin: 3
decom_navg: 26.020408
decom_nmax: 98
decom_nnzmin: 3
decom_nnzavg: 30.295918
decom_nnzmax: 152
totreplwgt: 155416
minpartwgt: 58576
avgpartwgt: 61320.406250
maxpartwgt: 64664
fincut: 26570
finimbal: 0.054527
