inicut: 66437
iniimbal: 0.385393
replr: 0.100000
maxreplwgt: 246577
boun_cmin: 1
boun_cavg: 13.205128
boun_cmax: 50
boun_nmin: 1
boun_navg: 29.941392
boun_nmax: 113
boun_nnzmin: 1
boun_nnzavg: 47.054945
boun_nnzmax: 204
decom_cmin: 1
decom_cavg: 8.593407
decom_cmax: 20
decom_nmin: 1
decom_navg: 16.501832
decom_nmax: 48
decom_nnzmin: 1
decom_nnzavg: 22.465201
decom_nnzmax: 76
totreplwgt: 246556
minpartwgt: 10276
avgpartwgt: 10595.031250
maxpartwgt: 13344
fincut: 0
finimbal: 0.259458
