inicut: 45089
iniimbal: 0.070373
replr: 0.010000
maxreplwgt: 109974
boun_cmin: 1
boun_cavg: 27.824000
boun_cmax: 95
boun_nmin: 2
boun_navg: 59.168000
boun_nmax: 190
boun_nnzmin: 3
boun_nnzavg: 89.440000
boun_nnzmax: 347
decom_cmin: 1
decom_cavg: 18.264000
decom_cmax: 44
decom_nmin: 2
decom_navg: 29.736000
decom_nmax: 102
decom_nnzmin: 3
decom_nnzavg: 36.832000
decom_nnzmax: 143
totreplwgt: 109968
minpartwgt: 81936
avgpartwgt: 86776.843750
maxpartwgt: 91964
fincut: 13704
finimbal: 0.059776
