inicut: 44470
iniimbal: 0.926828
replr: 0.100000
maxreplwgt: 120690
boun_cmin: 1
boun_cavg: 12.906166
boun_cmax: 47
boun_nmin: 1
boun_navg: 31.093834
boun_nmax: 107
boun_nnzmin: 1
boun_nnzavg: 47.624665
boun_nnzmax: 207
decom_cmin: 1
decom_cavg: 6.745308
decom_cmax: 31
decom_nmin: 1
decom_navg: 11.147453
decom_nmax: 88
decom_nnzmin: 1
decom_nnzavg: 13.233244
decom_nnzmax: 129
totreplwgt: 120688
minpartwgt: 0
avgpartwgt: 5185.921875
maxpartwgt: 9084
fincut: 6672
finimbal: 0.751665
