inicut: 39633
iniimbal: 0.041952
replr: 0.010000
maxreplwgt: 24657
boun_cmin: 1
boun_cavg: 20.011905
boun_cmax: 67
boun_nmin: 1
boun_navg: 44.452381
boun_nmax: 145
boun_nnzmin: 1
boun_nnzavg: 67.369048
boun_nnzmax: 252
decom_cmin: 1
decom_cavg: 11.369048
decom_cmax: 14
decom_nmin: 1
decom_navg: 12.357143
decom_nmax: 33
decom_nnzmin: 1
decom_nnzavg: 8.988095
decom_nnzmax: 52
totreplwgt: 24640
minpartwgt: 18680
avgpartwgt: 19456.343750
maxpartwgt: 20072
fincut: 28824
finimbal: 0.031643
