inicut: 15993
iniimbal: 9.479740
replr: 0.010000
maxreplwgt: 23124
boun_cmin: 1
boun_cavg: 170.443182
boun_cmax: 850
boun_nmin: 1
boun_navg: 91.215909
boun_nmax: 516
boun_nnzmin: 1
boun_nnzavg: 264.363636
boun_nnzmax: 1375
decom_cmin: 1
decom_cavg: 53.022727
decom_cmax: 132
decom_nmin: 1
decom_navg: 49.534091
decom_nmax: 90
decom_nnzmin: 1
decom_nnzavg: 120.568182
decom_nnzmax: 1375
totreplwgt: 23124
minpartwgt: 12
avgpartwgt: 18247.039062
maxpartwgt: 189331
fincut: 14940
finimbal: 9.375985
