inicut: 66437
iniimbal: 0.385393
replr: 0.100000
maxreplwgt: 246577
boun_cmin: 1
boun_cavg: 13.729323
boun_cmax: 50
boun_nmin: 1
boun_navg: 30.766917
boun_nmax: 102
boun_nnzmin: 1
boun_nnzavg: 48.646617
boun_nnzmax: 180
decom_cmin: 1
decom_cavg: 8.898496
decom_cmax: 22
decom_nmin: 1
decom_navg: 17.000000
decom_nmax: 50
decom_nnzmin: 1
decom_nnzavg: 23.334586
decom_nnzmax: 90
totreplwgt: 246552
minpartwgt: 10252
avgpartwgt: 10595.015625
maxpartwgt: 13344
fincut: 0
finimbal: 0.259460
