inicut: 71904
iniimbal: 0.055314
replr: 0.010000
maxreplwgt: 275320
boun_cmin: 1
boun_cavg: 23.593750
boun_cmax: 98
boun_nmin: 2
boun_navg: 47.163194
boun_nmax: 188
boun_nnzmin: 2
boun_nnzavg: 69.385417
boun_nnzmax: 343
decom_cmin: 1
decom_cavg: 18.635417
decom_cmax: 58
decom_nmin: 2
decom_navg: 33.364583
decom_nmax: 108
decom_nnzmin: 2
decom_nnzavg: 44.472222
decom_nnzmax: 168
totreplwgt: 275320
minpartwgt: 104376
avgpartwgt: 108622.578125
maxpartwgt: 113496
fincut: 164
finimbal: 0.044866
