inicut: 92628
iniimbal: 0.156455
replr: 0.010000
maxreplwgt: 319369
boun_cmin: 1
boun_cavg: 25.973881
boun_cmax: 88
boun_nmin: 2
boun_navg: 49.962687
boun_nmax: 200
boun_nnzmin: 2
boun_nnzavg: 75.906716
boun_nnzmax: 326
decom_cmin: 1
decom_cavg: 20.660448
decom_cmax: 76
decom_nmin: 2
decom_navg: 35.589552
decom_nmax: 162
decom_nnzmin: 2
decom_nnzavg: 49.205224
decom_nnzmax: 277
totreplwgt: 319352
minpartwgt: 104948
avgpartwgt: 126001.140625
maxpartwgt: 144272
fincut: 0
finimbal: 0.145006
