inicut: 39633
iniimbal: 0.041952
replr: 0.100000
maxreplwgt: 246577
boun_cmin: 1
boun_cavg: 15.905660
boun_cmax: 45
boun_nmin: 1
boun_navg: 37.367925
boun_nmax: 102
boun_nnzmin: 1
boun_nnzavg: 57.094340
boun_nnzmax: 181
decom_cmin: 1
decom_cavg: 13.594340
decom_cmax: 32
decom_nmin: 1
decom_navg: 30.320755
decom_nmax: 76
decom_nnzmin: 1
decom_nnzavg: 44.066038
decom_nnzmax: 117
totreplwgt: 244716
minpartwgt: 21164
avgpartwgt: 21175.687500
maxpartwgt: 21188
fincut: 192
finimbal: 0.000581
