inicut: 46231
iniimbal: 0.049589
replr: 0.010000
maxreplwgt: 155426
boun_cmin: 2
boun_cavg: 30.723077
boun_cmax: 80
boun_nmin: 5
boun_navg: 64.423077
boun_nmax: 183
boun_nnzmin: 6
boun_nnzavg: 92.169231
boun_nnzmax: 266
decom_cmin: 2
decom_cavg: 23.923077
decom_cmax: 56
decom_nmin: 5
decom_navg: 41.507692
decom_nmax: 119
decom_nnzmin: 6
decom_nnzavg: 54.523077
decom_nnzmax: 172
totreplwgt: 155416
minpartwgt: 115916
avgpartwgt: 122640.812500
maxpartwgt: 127448
fincut: 1629
finimbal: 0.039197
