inicut: 66437
iniimbal: 0.385393
replr: 0.010000
maxreplwgt: 24657
boun_cmin: 1
boun_cavg: 21.533333
boun_cmax: 52
boun_nmin: 1
boun_navg: 47.053333
boun_nmax: 125
boun_nnzmin: 1
boun_nnzavg: 75.600000
boun_nnzmax: 232
decom_cmin: 1
decom_cavg: 11.593333
decom_cmax: 12
decom_nmin: 1
decom_navg: 11.906667
decom_nmax: 26
decom_nnzmin: 1
decom_nnzavg: 7.620000
decom_nnzmax: 31
totreplwgt: 24652
minpartwgt: 5476
avgpartwgt: 9728.218750
maxpartwgt: 13344
fincut: 56492
finimbal: 0.371680
