inicut: 77832
iniimbal: 0.046072
replr: 0.010000
maxreplwgt: 290684
boun_cmin: 1
boun_cavg: 26.453287
boun_cmax: 101
boun_nmin: 2
boun_navg: 52.162630
boun_nmax: 228
boun_nnzmin: 2
boun_nnzavg: 77.062284
boun_nnzmax: 398
decom_cmin: 1
decom_cavg: 19.761246
decom_cmax: 64
decom_nmin: 2
decom_navg: 33.238754
decom_nmax: 131
decom_nnzmin: 2
decom_nnzavg: 43.640138
decom_nnzmax: 237
totreplwgt: 290668
minpartwgt: 109992
avgpartwgt: 114684.046875
maxpartwgt: 118780
fincut: 0
finimbal: 0.035715
