inicut: 27834
iniimbal: 0.243402
replr: 0.100000
maxreplwgt: 120690
boun_cmin: 1
boun_cavg: 14.125828
boun_cmax: 50
boun_nmin: 3
boun_navg: 34.807947
boun_nmax: 109
boun_nnzmin: 3
boun_nnzavg: 54.066225
boun_nnzmax: 200
decom_cmin: 1
decom_cavg: 9.735099
decom_cmax: 21
decom_nmin: 3
decom_navg: 19.642384
decom_nmax: 58
decom_nnzmin: 3
decom_nnzavg: 26.596026
decom_nnzmax: 88
totreplwgt: 120668
minpartwgt: 9800
avgpartwgt: 10371.687500
maxpartwgt: 11724
fincut: 283
finimbal: 0.130385
