inicut: 50172
iniimbal: 0.052818
replr: 0.010000
maxreplwgt: 290684
boun_cmin: 2
boun_cavg: 32.120000
boun_cmax: 119
boun_nmin: 3
boun_navg: 63.280000
boun_nmax: 240
boun_nnzmin: 5
boun_nnzavg: 92.808000
boun_nnzmax: 410
decom_cmin: 2
decom_cavg: 27.784000
decom_cmax: 70
decom_nmin: 3
decom_navg: 49.976000
decom_nmax: 141
decom_nnzmin: 5
decom_nnzavg: 69.448000
decom_nnzmax: 235
totreplwgt: 290672
minpartwgt: 222764
avgpartwgt: 229368.125000
maxpartwgt: 239092
fincut: 0
finimbal: 0.042394
