inicut: 44470
iniimbal: 0.926828
replr: 0.100000
maxreplwgt: 120690
boun_cmin: 1
boun_cavg: 12.894444
boun_cmax: 48
boun_nmin: 1
boun_navg: 30.963889
boun_nmax: 103
boun_nnzmin: 1
boun_nnzavg: 47.658333
boun_nnzmax: 195
decom_cmin: 1
decom_cavg: 6.672222
decom_cmax: 23
decom_nmin: 1
decom_navg: 10.916667
decom_nmax: 63
decom_nnzmin: 1
decom_nnzavg: 12.791667
decom_nnzmax: 85
totreplwgt: 120684
minpartwgt: 0
avgpartwgt: 5185.906250
maxpartwgt: 9084
fincut: 6485
finimbal: 0.751671
