inicut: 39633
iniimbal: 0.041952
replr: 0.010000
maxreplwgt: 24657
boun_cmin: 1
boun_cavg: 20.287500
boun_cmax: 61
boun_nmin: 1
boun_navg: 45.100000
boun_nmax: 135
boun_nnzmin: 1
boun_nnzavg: 68.575000
boun_nnzmax: 232
decom_cmin: 1
decom_cavg: 11.562500
decom_cmax: 15
decom_nmin: 1
decom_navg: 12.500000
decom_nmax: 35
decom_nnzmin: 1
decom_nnzavg: 9.225000
decom_nnzmax: 54
totreplwgt: 24656
minpartwgt: 18680
avgpartwgt: 19456.468750
maxpartwgt: 20072
fincut: 29404
finimbal: 0.031636
