inicut: 298092
iniimbal: 0.062517
replr: 0.100000
maxreplwgt: 9227
boun_cmin: 8
boun_cavg: 337.223022
boun_cmax: 6739
boun_nmin: 1
boun_navg: 440.107914
boun_nmax: 14686
boun_nnzmin: 8
boun_nnzavg: 2077.323741
boun_nnzmax: 29919
decom_cmin: 8
decom_cavg: 95.129496
decom_cmax: 151
decom_nmin: 1
decom_navg: 79.237410
decom_nmax: 151
decom_nnzmin: 8
decom_nnzavg: 162.856115
decom_nnzmax: 1538
totreplwgt: 9097
minpartwgt: 396
avgpartwgt: 396.000000
maxpartwgt: 396
fincut: 295524
finimbal: 0.000000
