inicut: 50172
iniimbal: 0.052818
replr: 0.010000
maxreplwgt: 290684
boun_cmin: 2
boun_cavg: 31.952381
boun_cmax: 110
boun_nmin: 4
boun_navg: 62.944444
boun_nmax: 224
boun_nnzmin: 5
boun_nnzavg: 92.293651
boun_nnzmax: 373
decom_cmin: 2
decom_cavg: 27.682540
decom_cmax: 87
decom_nmin: 4
decom_navg: 49.825397
decom_nmax: 171
decom_nnzmin: 5
decom_nnzavg: 69.198413
decom_nnzmax: 301
totreplwgt: 290672
minpartwgt: 222764
avgpartwgt: 229368.125000
maxpartwgt: 239092
fincut: 0
finimbal: 0.042394
