inicut: 71645
iniimbal: 0.065071
replr: 0.100000
maxreplwgt: 1554260
boun_cmin: 1
boun_cavg: 23.394619
boun_cmax: 64
boun_nmin: 2
boun_navg: 45.506726
boun_nmax: 128
boun_nnzmin: 2
boun_nnzavg: 69.215247
boun_nnzmax: 208
decom_cmin: 1
decom_cavg: 23.313901
decom_cmax: 64
decom_nmin: 2
decom_navg: 45.165919
decom_nmax: 128
decom_nnzmin: 2
decom_nnzavg: 68.636771
decom_nnzmax: 208
totreplwgt: 1551140
minpartwgt: 66760
avgpartwgt: 66772.453125
maxpartwgt: 66784
fincut: 0
finimbal: 0.000173
