inicut: 66437
iniimbal: 0.385393
replr: 0.100000
maxreplwgt: 246577
boun_cmin: 1
boun_cavg: 13.003676
boun_cmax: 50
boun_nmin: 1
boun_navg: 29.419118
boun_nmax: 125
boun_nnzmin: 1
boun_nnzavg: 46.422794
boun_nnzmax: 210
decom_cmin: 1
decom_cavg: 8.727941
decom_cmax: 22
decom_nmin: 1
decom_navg: 16.948529
decom_nmax: 57
decom_nnzmin: 1
decom_nnzavg: 23.584559
decom_nnzmax: 88
totreplwgt: 246556
minpartwgt: 10280
avgpartwgt: 10595.031250
maxpartwgt: 13344
fincut: 0
finimbal: 0.259458
