inicut: 45089
iniimbal: 0.070373
replr: 0.010000
maxreplwgt: 109974
boun_cmin: 1
boun_cavg: 27.100775
boun_cmax: 94
boun_nmin: 2
boun_navg: 57.627907
boun_nmax: 197
boun_nnzmin: 2
boun_nnzavg: 86.837209
boun_nnzmax: 345
decom_cmin: 1
decom_cavg: 17.914729
decom_cmax: 48
decom_nmin: 2
decom_navg: 29.496124
decom_nmax: 122
decom_nnzmin: 2
decom_nnzavg: 36.372093
decom_nnzmax: 165
totreplwgt: 109952
minpartwgt: 81788
avgpartwgt: 86776.718750
maxpartwgt: 91964
fincut: 13395
finimbal: 0.059777
