inicut: 46231
iniimbal: 0.049589
replr: 0.010000
maxreplwgt: 155426
boun_cmin: 1
boun_cavg: 30.052239
boun_cmax: 80
boun_nmin: 2
boun_navg: 63.022388
boun_nmax: 183
boun_nnzmin: 2
boun_nnzavg: 90.007463
boun_nnzmax: 266
decom_cmin: 1
decom_cavg: 23.679104
decom_cmax: 56
decom_nmin: 2
decom_navg: 41.044776
decom_nmax: 120
decom_nnzmin: 2
decom_nnzavg: 53.559701
decom_nnzmax: 172
totreplwgt: 155424
minpartwgt: 115916
avgpartwgt: 122640.875000
maxpartwgt: 127448
fincut: 1754
finimbal: 0.039197
