inicut: 59526
iniimbal: 0.061243
replr: 0.010000
maxreplwgt: 319369
boun_cmin: 1
boun_cavg: 33.766667
boun_cmax: 108
boun_nmin: 2
boun_navg: 59.716667
boun_nmax: 198
boun_nnzmin: 2
boun_nnzavg: 98.691667
boun_nnzmax: 386
decom_cmin: 1
decom_cavg: 30.541667
decom_cmax: 90
decom_nmin: 2
decom_navg: 50.741667
decom_nmax: 146
decom_nnzmin: 2
decom_nnzavg: 79.675000
decom_nnzmax: 251
totreplwgt: 319360
minpartwgt: 244344
avgpartwgt: 252002.343750
maxpartwgt: 264788
fincut: 0
finimbal: 0.050736
