inicut: 35246
iniimbal: 0.045804
replr: 0.100000
maxreplwgt: 75688
boun_cmin: 2
boun_cavg: 16.941406
boun_cmax: 36
boun_nmin: 8
boun_navg: 40.523438
boun_nmax: 86
boun_nnzmin: 8
boun_nnzavg: 64.117188
boun_nnzmax: 150
decom_cmin: 2
decom_cavg: 8.824219
decom_cmax: 9
decom_nmin: 8
decom_navg: 9.253906
decom_nmax: 21
decom_nnzmin: 2
decom_nnzavg: 6.792969
decom_nnzmax: 25
totreplwgt: 72848
minpartwgt: 3228
avgpartwgt: 3241.140625
maxpartwgt: 3252
fincut: 22995
finimbal: 0.003350
