inicut: 72240
iniimbal: 0.105523
replr: 0.010000
maxreplwgt: 109974
boun_cmin: 1
boun_cavg: 24.449198
boun_cmax: 89
boun_nmin: 2
boun_navg: 50.267380
boun_nmax: 195
boun_nnzmin: 2
boun_nnzavg: 76.647059
boun_nnzmax: 333
decom_cmin: 1
decom_cavg: 14.695187
decom_cmax: 33
decom_nmin: 2
decom_navg: 20.620321
decom_nmax: 74
decom_nnzmin: 2
decom_nnzavg: 22.631016
decom_nnzmax: 99
totreplwgt: 109960
minpartwgt: 37432
avgpartwgt: 43388.390625
maxpartwgt: 47492
fincut: 41341
finimbal: 0.094579
