inicut: 45089
iniimbal: 0.070373
replr: 0.010000
maxreplwgt: 109974
boun_cmin: 1
boun_cavg: 27.595238
boun_cmax: 94
boun_nmin: 2
boun_navg: 58.611111
boun_nmax: 208
boun_nnzmin: 3
boun_nnzavg: 88.357143
boun_nnzmax: 345
decom_cmin: 1
decom_cavg: 17.936508
decom_cmax: 45
decom_nmin: 2
decom_navg: 28.817460
decom_nmax: 102
decom_nnzmin: 3
decom_nnzavg: 35.261905
decom_nnzmax: 147
totreplwgt: 109972
minpartwgt: 81984
avgpartwgt: 86776.875000
maxpartwgt: 91964
fincut: 13813
finimbal: 0.059775
