inicut: 66437
iniimbal: 0.385393
replr: 0.100000
maxreplwgt: 246577
boun_cmin: 1
boun_cavg: 13.283582
boun_cmax: 50
boun_nmin: 1
boun_navg: 29.861940
boun_nmax: 118
boun_nnzmin: 1
boun_nnzavg: 47.134328
boun_nnzmax: 199
decom_cmin: 1
decom_cavg: 8.805970
decom_cmax: 20
decom_nmin: 1
decom_navg: 16.873134
decom_nmax: 51
decom_nnzmin: 1
decom_nnzavg: 23.361940
decom_nnzmax: 87
totreplwgt: 246576
minpartwgt: 10288
avgpartwgt: 10595.109375
maxpartwgt: 13344
fincut: 0
finimbal: 0.259449
