inicut: 66437
iniimbal: 0.385393
replr: 0.100000
maxreplwgt: 246577
boun_cmin: 1
boun_cavg: 13.370787
boun_cmax: 50
boun_nmin: 1
boun_navg: 30.209738
boun_nmax: 121
boun_nnzmin: 1
boun_nnzavg: 47.550562
boun_nnzmax: 210
decom_cmin: 1
decom_cavg: 8.902622
decom_cmax: 20
decom_nmin: 1
decom_navg: 17.153558
decom_nmax: 48
decom_nnzmin: 1
decom_nnzavg: 23.816479
decom_nnzmax: 75
totreplwgt: 246576
minpartwgt: 10304
avgpartwgt: 10595.109375
maxpartwgt: 13344
fincut: 0
finimbal: 0.259449
