inicut: 71904
iniimbal: 0.055314
replr: 0.010000
maxreplwgt: 275320
boun_cmin: 1
boun_cavg: 23.743056
boun_cmax: 95
boun_nmin: 3
boun_navg: 47.381944
boun_nmax: 187
boun_nnzmin: 3
boun_nnzavg: 69.777778
boun_nnzmax: 336
decom_cmin: 1
decom_cavg: 18.708333
decom_cmax: 58
decom_nmin: 3
decom_navg: 33.454861
decom_nmax: 107
decom_nnzmin: 3
decom_nnzavg: 44.815972
decom_nnzmax: 162
totreplwgt: 275300
minpartwgt: 104232
avgpartwgt: 108622.500000
maxpartwgt: 113496
fincut: 27
finimbal: 0.044866
