inicut: 66437
iniimbal: 0.385393
replr: 0.100000
maxreplwgt: 246577
boun_cmin: 1
boun_cavg: 13.216418
boun_cmax: 50
boun_nmin: 1
boun_navg: 29.820896
boun_nmax: 103
boun_nnzmin: 1
boun_nnzavg: 46.876866
boun_nnzmax: 204
decom_cmin: 1
decom_cavg: 8.746269
decom_cmax: 25
decom_nmin: 1
decom_navg: 16.768657
decom_nmax: 61
decom_nnzmin: 1
decom_nnzavg: 23.175373
decom_nnzmax: 100
totreplwgt: 246552
minpartwgt: 10252
avgpartwgt: 10595.015625
maxpartwgt: 13344
fincut: 0
finimbal: 0.259460
