inicut: 59526
iniimbal: 0.061243
replr: 0.010000
maxreplwgt: 319369
boun_cmin: 1
boun_cavg: 31.736000
boun_cmax: 95
boun_nmin: 2
boun_navg: 60.864000
boun_nmax: 175
boun_nnzmin: 2
boun_nnzavg: 92.928000
boun_nnzmax: 307
decom_cmin: 1
decom_cavg: 25.536000
decom_cmax: 95
decom_nmin: 2
decom_navg: 45.160000
decom_nmax: 175
decom_nnzmin: 2
decom_nnzavg: 63.272000
decom_nnzmax: 284
totreplwgt: 319356
minpartwgt: 244328
avgpartwgt: 252002.312500
maxpartwgt: 264788
fincut: 20
finimbal: 0.050736
