inicut: 71645
iniimbal: 0.065071
replr: 0.100000
maxreplwgt: 1554260
boun_cmin: 1
boun_cavg: 24.267857
boun_cmax: 70
boun_nmin: 1
boun_navg: 45.232143
boun_nmax: 131
boun_nnzmin: 2
boun_nnzavg: 72.031250
boun_nnzmax: 210
decom_cmin: 1
decom_cavg: 24.267857
decom_cmax: 70
decom_nmin: 1
decom_navg: 45.232143
decom_nmax: 131
decom_nnzmin: 2
decom_nnzavg: 72.031250
decom_nnzmax: 210
totreplwgt: 1551052
minpartwgt: 66760
avgpartwgt: 66772.109375
maxpartwgt: 66784
fincut: 0
finimbal: 0.000178
