inicut: 39633
iniimbal: 0.041952
replr: 0.010000
maxreplwgt: 24657
boun_cmin: 1
boun_cavg: 19.885057
boun_cmax: 71
boun_nmin: 1
boun_navg: 43.827586
boun_nmax: 150
boun_nnzmin: 1
boun_nnzavg: 66.873563
boun_nnzmax: 269
decom_cmin: 1
decom_cavg: 11.241379
decom_cmax: 12
decom_nmin: 1
decom_navg: 12.390805
decom_nmax: 35
decom_nnzmin: 1
decom_nnzavg: 8.827586
decom_nnzmax: 38
totreplwgt: 24656
minpartwgt: 18708
avgpartwgt: 19456.468750
maxpartwgt: 20072
fincut: 28734
finimbal: 0.031636
