inicut: 45089
iniimbal: 0.070373
replr: 0.010000
maxreplwgt: 109974
boun_cmin: 1
boun_cavg: 27.896825
boun_cmax: 95
boun_nmin: 2
boun_navg: 59.492063
boun_nmax: 203
boun_nnzmin: 4
boun_nnzavg: 89.650794
boun_nnzmax: 347
decom_cmin: 1
decom_cavg: 18.690476
decom_cmax: 48
decom_nmin: 2
decom_navg: 30.460317
decom_nmax: 122
decom_nnzmin: 4
decom_nnzavg: 37.261905
decom_nnzmax: 165
totreplwgt: 109960
minpartwgt: 81816
avgpartwgt: 86776.781250
maxpartwgt: 91964
fincut: 13808
finimbal: 0.059777
