inicut: 27834
iniimbal: 0.243402
replr: 0.010000
maxreplwgt: 12069
boun_cmin: 4
boun_cavg: 17.084746
boun_cmax: 35
boun_nmin: 9
boun_navg: 41.576271
boun_nmax: 90
boun_nnzmin: 12
boun_nnzavg: 58.067797
boun_nnzmax: 141
decom_cmin: 4
decom_cavg: 11.118644
decom_cmax: 20
decom_nmin: 9
decom_navg: 12.627119
decom_nmax: 47
decom_nnzmin: 3
decom_nnzavg: 9.661017
decom_nnzmax: 70
totreplwgt: 12060
minpartwgt: 7676
avgpartwgt: 9523.187500
maxpartwgt: 11724
fincut: 23700
finimbal: 0.231100
