inicut: 46231
iniimbal: 0.049589
replr: 0.010000
maxreplwgt: 155426
boun_cmin: 1
boun_cavg: 29.525926
boun_cmax: 80
boun_nmin: 2
boun_navg: 61.992593
boun_nmax: 183
boun_nnzmin: 3
boun_nnzavg: 88.540741
boun_nnzmax: 266
decom_cmin: 1
decom_cavg: 22.755556
decom_cmax: 56
decom_nmin: 2
decom_navg: 39.481481
decom_nmax: 119
decom_nnzmin: 3
decom_nnzavg: 51.377778
decom_nnzmax: 172
totreplwgt: 155420
minpartwgt: 115916
avgpartwgt: 122640.843750
maxpartwgt: 127448
fincut: 1588
finimbal: 0.039197
