inicut: 77832
iniimbal: 0.046072
replr: 0.010000
maxreplwgt: 290684
boun_cmin: 1
boun_cavg: 26.259386
boun_cmax: 99
boun_nmin: 2
boun_navg: 51.692833
boun_nmax: 224
boun_nnzmin: 2
boun_nnzavg: 76.587031
boun_nnzmax: 390
decom_cmin: 1
decom_cavg: 19.631399
decom_cmax: 61
decom_nmin: 2
decom_navg: 33.010239
decom_nmax: 131
decom_nnzmin: 2
decom_nnzavg: 43.805461
decom_nnzmax: 241
totreplwgt: 290668
minpartwgt: 108740
avgpartwgt: 114684.046875
maxpartwgt: 118780
fincut: 0
finimbal: 0.035715
