inicut: 72240
iniimbal: 0.105523
replr: 0.010000
maxreplwgt: 109974
boun_cmin: 1
boun_cavg: 24.072917
boun_cmax: 89
boun_nmin: 3
boun_navg: 49.578125
boun_nmax: 195
boun_nnzmin: 3
boun_nnzavg: 75.432292
boun_nnzmax: 333
decom_cmin: 1
decom_cavg: 14.593750
decom_cmax: 30
decom_nmin: 3
decom_navg: 20.291667
decom_nmax: 63
decom_nnzmin: 2
decom_nnzavg: 22.067708
decom_nnzmax: 98
totreplwgt: 109960
minpartwgt: 37404
avgpartwgt: 43388.390625
maxpartwgt: 47492
fincut: 41039
finimbal: 0.094579
