inicut: 27834
iniimbal: 0.243402
replr: 0.010000
maxreplwgt: 12069
boun_cmin: 2
boun_cavg: 17.183333
boun_cmax: 42
boun_nmin: 2
boun_navg: 41.733333
boun_nmax: 106
boun_nnzmin: 2
boun_nnzavg: 58.633333
boun_nnzmax: 177
decom_cmin: 2
decom_cavg: 10.966667
decom_cmax: 20
decom_nmin: 2
decom_navg: 12.450000
decom_nmax: 47
decom_nnzmin: 2
decom_nnzavg: 9.233333
decom_nnzmax: 70
totreplwgt: 12064
minpartwgt: 7648
avgpartwgt: 9523.218750
maxpartwgt: 11724
fincut: 23849
finimbal: 0.231096
