inicut: 72240
iniimbal: 0.105523
replr: 0.010000
maxreplwgt: 109974
boun_cmin: 1
boun_cavg: 24.196809
boun_cmax: 89
boun_nmin: 2
boun_navg: 49.840426
boun_nmax: 195
boun_nnzmin: 2
boun_nnzavg: 75.941489
boun_nnzmax: 333
decom_cmin: 1
decom_cavg: 14.627660
decom_cmax: 31
decom_nmin: 2
decom_navg: 20.521277
decom_nmax: 70
decom_nnzmin: 2
decom_nnzavg: 22.494681
decom_nnzmax: 98
totreplwgt: 109964
minpartwgt: 37404
avgpartwgt: 43388.406250
maxpartwgt: 47492
fincut: 41025
finimbal: 0.094578
