inicut: 27834
iniimbal: 0.243402
replr: 0.010000
maxreplwgt: 12069
boun_cmin: 1
boun_cavg: 17.285714
boun_cmax: 42
boun_nmin: 1
boun_navg: 41.777778
boun_nmax: 106
boun_nnzmin: 1
boun_nnzavg: 59.126984
boun_nnzmax: 177
decom_cmin: 1
decom_cavg: 11.031746
decom_cmax: 20
decom_nmin: 1
decom_navg: 12.222222
decom_nmax: 47
decom_nnzmin: 1
decom_nnzavg: 8.809524
decom_nnzmax: 70
totreplwgt: 12060
minpartwgt: 7648
avgpartwgt: 9523.187500
maxpartwgt: 11724
fincut: 23865
finimbal: 0.231100
