inicut: 77832
iniimbal: 0.046072
replr: 0.010000
maxreplwgt: 290684
boun_cmin: 1
boun_cavg: 27.010526
boun_cmax: 101
boun_nmin: 2
boun_navg: 53.094737
boun_nmax: 228
boun_nnzmin: 2
boun_nnzavg: 78.687719
boun_nnzmax: 398
decom_cmin: 1
decom_cavg: 20.133333
decom_cmax: 66
decom_nmin: 2
decom_navg: 33.943860
decom_nmax: 133
decom_nnzmin: 2
decom_nnzavg: 45.049123
decom_nnzmax: 249
totreplwgt: 290668
minpartwgt: 108064
avgpartwgt: 114684.046875
maxpartwgt: 118780
fincut: 0
finimbal: 0.035715
