inicut: 77832
iniimbal: 0.046072
replr: 0.010000
maxreplwgt: 290684
boun_cmin: 1
boun_cavg: 26.788194
boun_cmax: 101
boun_nmin: 2
boun_navg: 52.829861
boun_nmax: 228
boun_nnzmin: 2
boun_nnzavg: 78.229167
boun_nnzmax: 398
decom_cmin: 1
decom_cavg: 19.673611
decom_cmax: 63
decom_nmin: 2
decom_navg: 33.003472
decom_nmax: 136
decom_nnzmin: 2
decom_nnzavg: 43.197917
decom_nnzmax: 251
totreplwgt: 290660
minpartwgt: 109736
avgpartwgt: 114684.015625
maxpartwgt: 118780
fincut: 128
finimbal: 0.035715
