inicut: 45089
iniimbal: 0.070373
replr: 0.010000
maxreplwgt: 109974
boun_cmin: 1
boun_cavg: 28.869919
boun_cmax: 91
boun_nmin: 2
boun_navg: 61.325203
boun_nmax: 204
boun_nnzmin: 4
boun_nnzavg: 92.520325
boun_nnzmax: 335
decom_cmin: 1
decom_cavg: 19.235772
decom_cmax: 48
decom_nmin: 2
decom_navg: 31.585366
decom_nmax: 122
decom_nnzmin: 4
decom_nnzavg: 39.406504
decom_nnzmax: 165
totreplwgt: 109972
minpartwgt: 81816
avgpartwgt: 86776.875000
maxpartwgt: 91964
fincut: 13794
finimbal: 0.059775
