inicut: 50172
iniimbal: 0.052818
replr: 0.010000
maxreplwgt: 290684
boun_cmin: 2
boun_cavg: 32.072581
boun_cmax: 120
boun_nmin: 5
boun_navg: 63.653226
boun_nmax: 250
boun_nnzmin: 5
boun_nnzavg: 92.685484
boun_nnzmax: 416
decom_cmin: 2
decom_cavg: 27.709677
decom_cmax: 80
decom_nmin: 5
decom_navg: 50.201613
decom_nmax: 169
decom_nnzmin: 5
decom_nnzavg: 69.024194
decom_nnzmax: 279
totreplwgt: 290684
minpartwgt: 222764
avgpartwgt: 229368.218750
maxpartwgt: 239092
fincut: 0
finimbal: 0.042394
