inicut: 92628
iniimbal: 0.156455
replr: 0.010000
maxreplwgt: 319369
boun_cmin: 1
boun_cavg: 26.037175
boun_cmax: 105
boun_nmin: 2
boun_navg: 47.226766
boun_nmax: 200
boun_nnzmin: 4
boun_nnzavg: 76.040892
boun_nnzmax: 371
decom_cmin: 1
decom_cavg: 22.096654
decom_cmax: 90
decom_nmin: 2
decom_navg: 34.479554
decom_nmax: 177
decom_nnzmin: 4
decom_nnzavg: 51.721190
decom_nnzmax: 318
totreplwgt: 319352
minpartwgt: 104800
avgpartwgt: 126001.140625
maxpartwgt: 144272
fincut: 0
finimbal: 0.145006
