inicut: 71904
iniimbal: 0.055314
replr: 0.010000
maxreplwgt: 275320
boun_cmin: 1
boun_cavg: 25.699620
boun_cmax: 93
boun_nmin: 2
boun_navg: 48.418251
boun_nmax: 178
boun_nnzmin: 2
boun_nnzavg: 76.083650
boun_nnzmax: 301
decom_cmin: 1
decom_cavg: 21.882129
decom_cmax: 76
decom_nmin: 2
decom_navg: 35.570342
decom_nmax: 144
decom_nnzmin: 2
decom_nnzavg: 52.110266
decom_nnzmax: 275
totreplwgt: 275320
minpartwgt: 103868
avgpartwgt: 108622.578125
maxpartwgt: 113496
fincut: 1421
finimbal: 0.044866
