inicut: 77832
iniimbal: 0.046072
replr: 0.010000
maxreplwgt: 290684
boun_cmin: 1
boun_cavg: 26.579861
boun_cmax: 99
boun_nmin: 2
boun_navg: 52.506944
boun_nmax: 224
boun_nnzmin: 2
boun_nnzavg: 77.513889
boun_nnzmax: 390
decom_cmin: 1
decom_cavg: 19.684028
decom_cmax: 67
decom_nmin: 2
decom_navg: 33.357639
decom_nmax: 131
decom_nnzmin: 2
decom_nnzavg: 43.947917
decom_nnzmax: 241
totreplwgt: 290668
minpartwgt: 109948
avgpartwgt: 114684.046875
maxpartwgt: 118780
fincut: 0
finimbal: 0.035715
