inicut: 15993
iniimbal: 9.479740
replr: 0.010000
maxreplwgt: 23124
boun_cmin: 1
boun_cavg: 165.943820
boun_cmax: 850
boun_nmin: 1
boun_navg: 91.089888
boun_nmax: 505
boun_nnzmin: 1
boun_nnzavg: 257.674157
boun_nnzmax: 1375
decom_cmin: 1
decom_cavg: 65.595506
decom_cmax: 288
decom_nmin: 1
decom_navg: 63.213483
decom_nmax: 288
decom_nnzmin: 1
decom_nnzavg: 103.853933
decom_nnzmax: 1375
totreplwgt: 23124
minpartwgt: 11
avgpartwgt: 18247.039062
maxpartwgt: 189331
fincut: 14267
finimbal: 9.375985
