inicut: 77832
iniimbal: 0.046072
replr: 0.010000
maxreplwgt: 290684
boun_cmin: 1
boun_cavg: 26.780488
boun_cmax: 101
boun_nmin: 2
boun_navg: 52.630662
boun_nmax: 228
boun_nnzmin: 2
boun_nnzavg: 78.055749
boun_nnzmax: 398
decom_cmin: 1
decom_cavg: 19.996516
decom_cmax: 62
decom_nmin: 2
decom_navg: 33.609756
decom_nmax: 137
decom_nnzmin: 2
decom_nnzavg: 44.801394
decom_nnzmax: 253
totreplwgt: 290660
minpartwgt: 108512
avgpartwgt: 114684.015625
maxpartwgt: 118780
fincut: 0
finimbal: 0.035715
