inicut: 27834
iniimbal: 0.243402
replr: 0.100000
maxreplwgt: 120690
boun_cmin: 1
boun_cavg: 14.546053
boun_cmax: 46
boun_nmin: 2
boun_navg: 35.717105
boun_nmax: 111
boun_nnzmin: 2
boun_nnzavg: 55.743421
boun_nnzmax: 205
decom_cmin: 1
decom_cavg: 9.585526
decom_cmax: 24
decom_nmin: 2
decom_navg: 19.217105
decom_nmax: 58
decom_nnzmin: 2
decom_nnzavg: 25.585526
decom_nnzmax: 94
totreplwgt: 120664
minpartwgt: 9848
avgpartwgt: 10371.656250
maxpartwgt: 11724
fincut: 336
finimbal: 0.130388
