inicut: 72240
iniimbal: 0.105523
replr: 0.100000
maxreplwgt: 1099746
boun_cmin: 1
boun_cavg: 20.726496
boun_cmax: 86
boun_nmin: 1
boun_navg: 44.914530
boun_nmax: 187
boun_nnzmin: 1
boun_nnzavg: 67.888889
boun_nnzmax: 325
decom_cmin: 1
decom_cavg: 18.803419
decom_cmax: 59
decom_nmin: 1
decom_navg: 39.777778
decom_nmax: 138
decom_nnzmin: 1
decom_nnzavg: 58.064103
decom_nnzmax: 231
totreplwgt: 1097072
minpartwgt: 47228
avgpartwgt: 47244.296875
maxpartwgt: 47492
fincut: 229
finimbal: 0.005243
