inicut: 71645
iniimbal: 0.065071
replr: 0.010000
maxreplwgt: 155426
boun_cmin: 1
boun_cavg: 26.193717
boun_cmax: 69
boun_nmin: 2
boun_navg: 53.806283
boun_nmax: 133
boun_nnzmin: 2
boun_nnzavg: 77.523560
boun_nnzmax: 217
decom_cmin: 1
decom_cavg: 17.319372
decom_cmax: 47
decom_nmin: 2
decom_navg: 26.178010
decom_nmax: 93
decom_nnzmin: 2
decom_nnzavg: 30.643979
decom_nnzmax: 143
totreplwgt: 155416
minpartwgt: 58616
avgpartwgt: 61320.406250
maxpartwgt: 64664
fincut: 26853
finimbal: 0.054527
