inicut: 59526
iniimbal: 0.061243
replr: 0.010000
maxreplwgt: 319369
boun_cmin: 2
boun_cavg: 34.277311
boun_cmax: 113
boun_nmin: 3
boun_navg: 62.369748
boun_nmax: 202
boun_nnzmin: 4
boun_nnzavg: 100.563025
boun_nnzmax: 391
decom_cmin: 2
decom_cavg: 30.058824
decom_cmax: 76
decom_nmin: 3
decom_navg: 49.941176
decom_nmax: 126
decom_nnzmin: 4
decom_nnzavg: 75.478992
decom_nnzmax: 233
totreplwgt: 319356
minpartwgt: 244100
avgpartwgt: 252002.312500
maxpartwgt: 264788
fincut: 0
finimbal: 0.050736
