inicut: 71645
iniimbal: 0.065071
replr: 0.010000
maxreplwgt: 155426
boun_cmin: 1
boun_cavg: 26.302083
boun_cmax: 69
boun_nmin: 3
boun_navg: 54.125000
boun_nmax: 138
boun_nnzmin: 3
boun_nnzavg: 78.203125
boun_nnzmax: 216
decom_cmin: 1
decom_cavg: 17.260417
decom_cmax: 49
decom_nmin: 3
decom_navg: 26.338542
decom_nmax: 97
decom_nnzmin: 3
decom_nnzavg: 31.114583
decom_nnzmax: 150
totreplwgt: 155416
minpartwgt: 58588
avgpartwgt: 61320.406250
maxpartwgt: 64664
fincut: 27179
finimbal: 0.054527
