inicut: 44470
iniimbal: 0.926828
replr: 0.100000
maxreplwgt: 120690
boun_cmin: 1
boun_cavg: 12.888579
boun_cmax: 44
boun_nmin: 1
boun_navg: 30.933148
boun_nmax: 107
boun_nnzmin: 1
boun_nnzavg: 47.649025
boun_nnzmax: 181
decom_cmin: 1
decom_cavg: 6.679666
decom_cmax: 21
decom_nmin: 1
decom_navg: 10.830084
decom_nmax: 57
decom_nnzmin: 1
decom_nnzavg: 12.841226
decom_nnzmax: 86
totreplwgt: 120688
minpartwgt: 0
avgpartwgt: 5185.921875
maxpartwgt: 9084
fincut: 6505
finimbal: 0.751665
