inicut: 50172
iniimbal: 0.052818
replr: 0.010000
maxreplwgt: 290684
boun_cmin: 2
boun_cavg: 31.468750
boun_cmax: 104
boun_nmin: 5
boun_navg: 62.078125
boun_nmax: 211
boun_nnzmin: 5
boun_nnzavg: 91.195312
boun_nnzmax: 358
decom_cmin: 2
decom_cavg: 27.132812
decom_cmax: 69
decom_nmin: 5
decom_navg: 48.867188
decom_nmax: 141
decom_nnzmin: 5
decom_nnzavg: 67.851562
decom_nnzmax: 235
totreplwgt: 290664
minpartwgt: 222764
avgpartwgt: 229368.062500
maxpartwgt: 239092
fincut: 0
finimbal: 0.042394
