inicut: 66437
iniimbal: 0.385393
replr: 0.100000
maxreplwgt: 246577
boun_cmin: 1
boun_cavg: 13.014545
boun_cmax: 50
boun_nmin: 1
boun_navg: 29.378182
boun_nmax: 118
boun_nnzmin: 1
boun_nnzavg: 46.407273
boun_nnzmax: 200
decom_cmin: 1
decom_cavg: 8.549091
decom_cmax: 20
decom_nmin: 1
decom_navg: 16.527273
decom_nmax: 48
decom_nnzmin: 1
decom_nnzavg: 22.629091
decom_nnzmax: 75
totreplwgt: 246568
minpartwgt: 10284
avgpartwgt: 10595.078125
maxpartwgt: 13344
fincut: 0
finimbal: 0.259453
