inicut: 46231
iniimbal: 0.049589
replr: 0.010000
maxreplwgt: 155426
boun_cmin: 1
boun_cavg: 29.407407
boun_cmax: 80
boun_nmin: 2
boun_navg: 61.985185
boun_nmax: 183
boun_nnzmin: 2
boun_nnzavg: 88.585185
boun_nnzmax: 266
decom_cmin: 1
decom_cavg: 23.251852
decom_cmax: 56
decom_nmin: 2
decom_navg: 40.451852
decom_nmax: 119
decom_nnzmin: 2
decom_nnzavg: 53.007407
decom_nnzmax: 172
totreplwgt: 155416
minpartwgt: 115944
avgpartwgt: 122640.812500
maxpartwgt: 127448
fincut: 1658
finimbal: 0.039197
