inicut: 35246
iniimbal: 0.045804
replr: 0.100000
maxreplwgt: 75688
boun_cmin: 4
boun_cavg: 16.859375
boun_cmax: 36
boun_nmin: 8
boun_navg: 40.398438
boun_nmax: 86
boun_nnzmin: 13
boun_nnzavg: 63.871094
boun_nnzmax: 150
decom_cmin: 4
decom_cavg: 8.882812
decom_cmax: 9
decom_nmin: 9
decom_navg: 9.214844
decom_nmax: 21
decom_nnzmin: 2
decom_nnzavg: 6.738281
decom_nnzmax: 26
totreplwgt: 72876
minpartwgt: 3228
avgpartwgt: 3241.250000
maxpartwgt: 3252
fincut: 23255
finimbal: 0.003317
