inicut: 15805
iniimbal: 0.045047
replr: 0.010000
maxreplwgt: 2528
boun_cmin: 1
boun_cavg: 7.573770
boun_cmax: 15
boun_nmin: 1
boun_navg: 19.098361
boun_nmax: 37
boun_nnzmin: 1
boun_nnzavg: 20.426230
boun_nnzmax: 50
decom_cmin: 1
decom_cavg: 5.901639
decom_cmax: 6
decom_nmin: 1
decom_navg: 5.901639
decom_nmax: 6
decom_nnzmin: 1
decom_nnzavg: 3.344262
decom_nnzmax: 6
totreplwgt: 2520
minpartwgt: 1888
avgpartwgt: 1994.718750
maxpartwgt: 2064
fincut: 14771
finimbal: 0.034732
