inicut: 45089
iniimbal: 0.070373
replr: 0.010000
maxreplwgt: 109974
boun_cmin: 1
boun_cavg: 27.244094
boun_cmax: 92
boun_nmin: 2
boun_navg: 58.212598
boun_nmax: 194
boun_nnzmin: 4
boun_nnzavg: 87.094488
boun_nnzmax: 335
decom_cmin: 1
decom_cavg: 18.110236
decom_cmax: 48
decom_nmin: 2
decom_navg: 29.826772
decom_nmax: 122
decom_nnzmin: 4
decom_nnzavg: 36.346457
decom_nnzmax: 165
totreplwgt: 109964
minpartwgt: 81788
avgpartwgt: 86776.812500
maxpartwgt: 91964
fincut: 13246
finimbal: 0.059776
