inicut: 71904
iniimbal: 0.055314
replr: 0.010000
maxreplwgt: 275320
boun_cmin: 1
boun_cavg: 24.028169
boun_cmax: 97
boun_nmin: 2
boun_navg: 48.028169
boun_nmax: 190
boun_nnzmin: 3
boun_nnzavg: 70.697183
boun_nnzmax: 342
decom_cmin: 1
decom_cavg: 18.908451
decom_cmax: 58
decom_nmin: 2
decom_navg: 33.947183
decom_nmax: 107
decom_nnzmin: 3
decom_nnzavg: 45.461268
decom_nnzmax: 154
totreplwgt: 275308
minpartwgt: 104376
avgpartwgt: 108622.531250
maxpartwgt: 113496
fincut: 0
finimbal: 0.044866
