inicut: 20877
iniimbal: 0.067450
replr: 0.100000
maxreplwgt: 75688
boun_cmin: 1
boun_cavg: 14.936000
boun_cmax: 31
boun_nmin: 2
boun_navg: 38.000000
boun_nmax: 79
boun_nnzmin: 2
boun_nnzavg: 57.216000
boun_nnzmax: 121
decom_cmin: 1
decom_cavg: 14.936000
decom_cmax: 31
decom_nmin: 2
decom_navg: 18.344000
decom_nmax: 35
decom_nnzmin: 2
decom_nnzavg: 22.648000
decom_nnzmax: 55
totreplwgt: 74404
minpartwgt: 6480
avgpartwgt: 6494.437500
maxpartwgt: 6504
fincut: 1715
finimbal: 0.001472
