inicut: 45089
iniimbal: 0.070373
replr: 0.010000
maxreplwgt: 109974
boun_cmin: 1
boun_cavg: 27.920635
boun_cmax: 94
boun_nmin: 2
boun_navg: 59.571429
boun_nmax: 208
boun_nnzmin: 3
boun_nnzavg: 89.500000
boun_nnzmax: 345
decom_cmin: 1
decom_cavg: 18.071429
decom_cmax: 45
decom_nmin: 2
decom_navg: 29.301587
decom_nmax: 102
decom_nnzmin: 3
decom_nnzavg: 35.698413
decom_nnzmax: 148
totreplwgt: 109968
minpartwgt: 82216
avgpartwgt: 86776.843750
maxpartwgt: 91964
fincut: 13874
finimbal: 0.059776
