inicut: 15805
iniimbal: 0.045047
replr: 0.100000
maxreplwgt: 25280
boun_cmin: 1
boun_cavg: 9.312500
boun_cmax: 19
boun_nmin: 4
boun_navg: 24.578125
boun_nmax: 50
boun_nnzmin: 4
boun_nnzavg: 32.843750
boun_nnzmax: 87
decom_cmin: 1
decom_cavg: 7.242188
decom_cmax: 12
decom_nmin: 4
decom_navg: 11.945312
decom_nmax: 27
decom_nnzmin: 4
decom_nnzavg: 13.718750
decom_nnzmax: 29
totreplwgt: 24096
minpartwgt: 2148
avgpartwgt: 2163.281250
maxpartwgt: 2172
fincut: 3942
finimbal: 0.004030
