inicut: 71904
iniimbal: 0.055314
replr: 0.100000
maxreplwgt: 2753206
boun_cmin: 1
boun_cavg: 25.725581
boun_cmax: 90
boun_nmin: 2
boun_navg: 48.688372
boun_nmax: 160
boun_nnzmin: 2
boun_nnzavg: 74.934884
boun_nnzmax: 268
decom_cmin: 1
decom_cavg: 25.725581
decom_cmax: 90
decom_nmin: 2
decom_navg: 48.688372
decom_nmax: 160
decom_nnzmin: 2
decom_nnzavg: 74.934884
decom_nnzmax: 268
totreplwgt: 2749496
minpartwgt: 118276
avgpartwgt: 118287.328125
maxpartwgt: 118300
fincut: 0
finimbal: 0.000107
