inicut: 15805
iniimbal: 0.045047
replr: 0.100000
maxreplwgt: 25280
boun_cmin: 2
boun_cavg: 9.640625
boun_cmax: 21
boun_nmin: 6
boun_navg: 24.968750
boun_nmax: 53
boun_nnzmin: 6
boun_nnzavg: 33.875000
boun_nnzmax: 87
decom_cmin: 2
decom_cavg: 7.382812
decom_cmax: 14
decom_nmin: 4
decom_navg: 12.062500
decom_nmax: 28
decom_nnzmin: 4
decom_nnzavg: 13.875000
decom_nnzmax: 28
totreplwgt: 24048
minpartwgt: 2148
avgpartwgt: 2162.906250
maxpartwgt: 2172
fincut: 4008
finimbal: 0.004204
