inicut: 66437
iniimbal: 0.385393
replr: 0.100000
maxreplwgt: 246577
boun_cmin: 1
boun_cavg: 13.333333
boun_cmax: 53
boun_nmin: 1
boun_navg: 30.029630
boun_nmax: 117
boun_nnzmin: 1
boun_nnzavg: 47.429630
boun_nnzmax: 237
decom_cmin: 1
decom_cavg: 8.707407
decom_cmax: 28
decom_nmin: 1
decom_navg: 16.651852
decom_nmax: 64
decom_nnzmin: 1
decom_nnzavg: 22.759259
decom_nnzmax: 111
totreplwgt: 246556
minpartwgt: 10284
avgpartwgt: 10595.031250
maxpartwgt: 13344
fincut: 0
finimbal: 0.259458
