inicut: 27834
iniimbal: 0.243402
replr: 0.100000
maxreplwgt: 120690
boun_cmin: 1
boun_cavg: 14.496732
boun_cmax: 50
boun_nmin: 2
boun_navg: 35.241830
boun_nmax: 124
boun_nnzmin: 2
boun_nnzavg: 54.967320
boun_nnzmax: 222
decom_cmin: 1
decom_cavg: 9.633987
decom_cmax: 26
decom_nmin: 2
decom_navg: 19.071895
decom_nmax: 67
decom_nnzmin: 2
decom_nnzavg: 25.522876
decom_nnzmax: 100
totreplwgt: 120680
minpartwgt: 9800
avgpartwgt: 10371.781250
maxpartwgt: 11724
fincut: 381
finimbal: 0.130375
