inicut: 72240
iniimbal: 0.105523
replr: 0.010000
maxreplwgt: 109974
boun_cmin: 1
boun_cavg: 23.708333
boun_cmax: 89
boun_nmin: 3
boun_navg: 48.885417
boun_nmax: 195
boun_nnzmin: 3
boun_nnzavg: 74.447917
boun_nnzmax: 333
decom_cmin: 1
decom_cavg: 14.286458
decom_cmax: 33
decom_nmin: 3
decom_navg: 20.088542
decom_nmax: 74
decom_nnzmin: 3
decom_nnzavg: 21.854167
decom_nnzmax: 99
totreplwgt: 109968
minpartwgt: 37432
avgpartwgt: 43388.421875
maxpartwgt: 47492
fincut: 40891
finimbal: 0.094578
