inicut: 66437
iniimbal: 0.385393
replr: 0.100000
maxreplwgt: 246577
boun_cmin: 1
boun_cavg: 13.156364
boun_cmax: 50
boun_nmin: 1
boun_navg: 29.614545
boun_nmax: 109
boun_nnzmin: 1
boun_nnzavg: 46.723636
boun_nnzmax: 182
decom_cmin: 1
decom_cavg: 8.683636
decom_cmax: 24
decom_nmin: 1
decom_navg: 16.654545
decom_nmax: 62
decom_nnzmin: 1
decom_nnzavg: 22.869091
decom_nnzmax: 101
totreplwgt: 246556
minpartwgt: 10276
avgpartwgt: 10595.031250
maxpartwgt: 13344
fincut: 0
finimbal: 0.259458
