inicut: 71645
iniimbal: 0.065071
replr: 0.010000
maxreplwgt: 155426
boun_cmin: 1
boun_cavg: 26.077720
boun_cmax: 69
boun_nmin: 2
boun_navg: 53.585492
boun_nmax: 131
boun_nnzmin: 2
boun_nnzavg: 77.233161
boun_nnzmax: 210
decom_cmin: 1
decom_cavg: 17.015544
decom_cmax: 55
decom_nmin: 2
decom_navg: 25.248705
decom_nmax: 106
decom_nnzmin: 2
decom_nnzavg: 29.310881
decom_nnzmax: 169
totreplwgt: 155408
minpartwgt: 58528
avgpartwgt: 61320.375000
maxpartwgt: 64664
fincut: 27184
finimbal: 0.054527
