inicut: 72240
iniimbal: 0.105523
replr: 0.100000
maxreplwgt: 1099746
boun_cmin: 1
boun_cavg: 20.875536
boun_cmax: 86
boun_nmin: 1
boun_navg: 45.145923
boun_nmax: 187
boun_nnzmin: 1
boun_nnzavg: 68.476395
boun_nnzmax: 325
decom_cmin: 1
decom_cavg: 18.939914
decom_cmax: 59
decom_nmin: 1
decom_navg: 39.562232
decom_nmax: 135
decom_nnzmin: 1
decom_nnzavg: 57.206009
decom_nnzmax: 211
totreplwgt: 1097532
minpartwgt: 47228
avgpartwgt: 47246.093750
maxpartwgt: 47492
fincut: 354
finimbal: 0.005205
