inicut: 59526
iniimbal: 0.061243
replr: 0.010000
maxreplwgt: 319369
boun_cmin: 1
boun_cavg: 31.800000
boun_cmax: 96
boun_nmin: 2
boun_navg: 60.848000
boun_nmax: 177
boun_nnzmin: 2
boun_nnzavg: 93.136000
boun_nnzmax: 320
decom_cmin: 1
decom_cavg: 25.312000
decom_cmax: 95
decom_nmin: 2
decom_navg: 44.352000
decom_nmax: 175
decom_nnzmin: 2
decom_nnzavg: 61.912000
decom_nnzmax: 284
totreplwgt: 319352
minpartwgt: 244328
avgpartwgt: 252002.281250
maxpartwgt: 264788
fincut: 20
finimbal: 0.050737
