inicut: 20877
iniimbal: 0.067450
replr: 0.100000
maxreplwgt: 75688
boun_cmin: 1
boun_cavg: 18.111111
boun_cmax: 38
boun_nmin: 3
boun_navg: 44.388889
boun_nmax: 100
boun_nnzmin: 3
boun_nnzavg: 69.579365
boun_nnzmax: 165
decom_cmin: 1
decom_cavg: 9.634921
decom_cmax: 14
decom_nmin: 3
decom_navg: 11.761905
decom_nmax: 34
decom_nnzmin: 3
decom_nnzavg: 10.944444
decom_nnzmax: 46
totreplwgt: 74160
minpartwgt: 6480
avgpartwgt: 6492.531250
maxpartwgt: 6504
fincut: 7058
finimbal: 0.001766
