inicut: 39633
iniimbal: 0.041952
replr: 0.010000
maxreplwgt: 24657
boun_cmin: 1
boun_cavg: 20.740741
boun_cmax: 67
boun_nmin: 1
boun_navg: 45.790123
boun_nmax: 145
boun_nnzmin: 1
boun_nnzavg: 70.012346
boun_nnzmax: 252
decom_cmin: 1
decom_cavg: 11.493827
decom_cmax: 12
decom_nmin: 1
decom_navg: 12.308642
decom_nmax: 30
decom_nnzmin: 1
decom_nnzavg: 8.938272
decom_nnzmax: 36
totreplwgt: 24644
minpartwgt: 18680
avgpartwgt: 19456.375000
maxpartwgt: 20072
fincut: 29104
finimbal: 0.031641
