inicut: 298092
iniimbal: 0.062517
replr: 0.100000
maxreplwgt: 9227
boun_cmin: 8
boun_cavg: 335.824818
boun_cmax: 6739
boun_nmin: 1
boun_navg: 444.021898
boun_nmax: 14686
boun_nnzmin: 8
boun_nnzavg: 2102.678832
boun_nnzmax: 29931
decom_cmin: 8
decom_cavg: 93.861314
decom_cmax: 151
decom_nmin: 1
decom_navg: 78.116788
decom_nmax: 151
decom_nnzmin: 8
decom_nnzavg: 164.503650
decom_nnzmax: 1558
totreplwgt: 9097
minpartwgt: 396
avgpartwgt: 396.000000
maxpartwgt: 396
fincut: 295661
finimbal: 0.000000
