inicut: 92628
iniimbal: 0.156455
replr: 0.010000
maxreplwgt: 319369
boun_cmin: 1
boun_cavg: 26.022222
boun_cmax: 97
boun_nmin: 2
boun_navg: 50.107407
boun_nmax: 200
boun_nnzmin: 3
boun_nnzavg: 76.188889
boun_nnzmax: 344
decom_cmin: 1
decom_cavg: 20.696296
decom_cmax: 76
decom_nmin: 2
decom_navg: 35.829630
decom_nmax: 162
decom_nnzmin: 3
decom_nnzavg: 49.707407
decom_nnzmax: 277
totreplwgt: 319368
minpartwgt: 104948
avgpartwgt: 126001.203125
maxpartwgt: 144272
fincut: 0
finimbal: 0.145005
