inicut: 44304
iniimbal: 0.047039
replr: 0.010000
maxreplwgt: 275320
boun_cmin: 1
boun_cavg: 28.541985
boun_cmax: 109
boun_nmin: 1
boun_navg: 57.862595
boun_nmax: 178
boun_nnzmin: 1
boun_nnzavg: 82.412214
boun_nnzmax: 287
decom_cmin: 1
decom_cavg: 28.541985
decom_cmax: 109
decom_nmin: 1
decom_navg: 48.068702
decom_nmax: 125
decom_nnzmin: 1
decom_nnzavg: 63.977099
decom_nnzmax: 176
totreplwgt: 275312
minpartwgt: 207432
avgpartwgt: 217245.093750
maxpartwgt: 225212
fincut: 123
finimbal: 0.036672
