inicut: 15993
iniimbal: 9.479740
replr: 0.010000
maxreplwgt: 23124
boun_cmin: 1
boun_cavg: 173.735632
boun_cmax: 850
boun_nmin: 1
boun_navg: 92.793103
boun_nmax: 511
boun_nnzmin: 1
boun_nnzavg: 268.494253
boun_nnzmax: 1375
decom_cmin: 1
decom_cavg: 54.252874
decom_cmax: 132
decom_nmin: 1
decom_navg: 50.298851
decom_nmax: 90
decom_nnzmin: 1
decom_nnzavg: 123.988506
decom_nnzmax: 1375
totreplwgt: 23124
minpartwgt: 12
avgpartwgt: 18247.039062
maxpartwgt: 189331
fincut: 14952
finimbal: 9.375985
