inicut: 92628
iniimbal: 0.156455
replr: 0.010000
maxreplwgt: 319369
boun_cmin: 1
boun_cavg: 25.747212
boun_cmax: 90
boun_nmin: 2
boun_navg: 49.676580
boun_nmax: 200
boun_nnzmin: 2
boun_nnzavg: 75.293680
boun_nnzmax: 326
decom_cmin: 1
decom_cavg: 20.345725
decom_cmax: 76
decom_nmin: 2
decom_navg: 34.985130
decom_nmax: 162
decom_nnzmin: 2
decom_nnzavg: 47.940520
decom_nnzmax: 277
totreplwgt: 319356
minpartwgt: 104948
avgpartwgt: 126001.156250
maxpartwgt: 144272
fincut: 0
finimbal: 0.145005
