inicut: 27834
iniimbal: 0.243402
replr: 0.100000
maxreplwgt: 120690
boun_cmin: 1
boun_cavg: 14.147651
boun_cmax: 50
boun_nmin: 2
boun_navg: 34.798658
boun_nmax: 124
boun_nnzmin: 2
boun_nnzavg: 54.147651
boun_nnzmax: 222
decom_cmin: 1
decom_cavg: 9.697987
decom_cmax: 21
decom_nmin: 2
decom_navg: 19.402685
decom_nmax: 58
decom_nnzmin: 2
decom_nnzavg: 26.080537
decom_nnzmax: 88
totreplwgt: 120668
minpartwgt: 9800
avgpartwgt: 10371.687500
maxpartwgt: 11724
fincut: 320
finimbal: 0.130385
