inicut: 15805
iniimbal: 0.045047
replr: 0.010000
maxreplwgt: 2528
boun_cmin: 1
boun_cavg: 7.492308
boun_cmax: 15
boun_nmin: 1
boun_navg: 18.876923
boun_nmax: 37
boun_nnzmin: 1
boun_nnzavg: 20.123077
boun_nnzmax: 50
decom_cmin: 1
decom_cavg: 5.907692
decom_cmax: 6
decom_nmin: 1
decom_navg: 5.907692
decom_nmax: 6
decom_nnzmin: 1
decom_nnzavg: 3.276923
decom_nnzmax: 6
totreplwgt: 2528
minpartwgt: 1888
avgpartwgt: 1994.781250
maxpartwgt: 2064
fincut: 14767
finimbal: 0.034700
