inicut: 45089
iniimbal: 0.070373
replr: 0.010000
maxreplwgt: 109974
boun_cmin: 1
boun_cavg: 27.690476
boun_cmax: 96
boun_nmin: 2
boun_navg: 58.936508
boun_nmax: 194
boun_nnzmin: 2
boun_nnzavg: 89.000000
boun_nnzmax: 353
decom_cmin: 1
decom_cavg: 18.253968
decom_cmax: 44
decom_nmin: 2
decom_navg: 29.634921
decom_nmax: 102
decom_nnzmin: 2
decom_nnzavg: 36.928571
decom_nnzmax: 143
totreplwgt: 109968
minpartwgt: 81816
avgpartwgt: 86776.843750
maxpartwgt: 91964
fincut: 13498
finimbal: 0.059776
