inicut: 24003
iniimbal: 7.766116
replr: 0.010000
maxreplwgt: 23124
boun_cmin: 1
boun_cavg: 75.483051
boun_cmax: 1677
boun_nmin: 1
boun_navg: 37.703390
boun_nmax: 341
boun_nnzmin: 1
boun_nnzavg: 109.161017
boun_nnzmax: 2530
decom_cmin: 1
decom_cavg: 75.483051
decom_cmax: 1677
decom_nmin: 1
decom_navg: 57.635593
decom_nmax: 705
decom_nnzmin: 1
decom_nnzavg: 94.949153
decom_nnzmax: 2530
totreplwgt: 23124
minpartwgt: 83
avgpartwgt: 9123.519531
maxpartwgt: 79186
fincut: 22813
finimbal: 7.679326
