inicut: 50172
iniimbal: 0.052818
replr: 0.010000
maxreplwgt: 290684
boun_cmin: 2
boun_cavg: 31.706349
boun_cmax: 114
boun_nmin: 5
boun_navg: 62.730159
boun_nmax: 229
boun_nnzmin: 5
boun_nnzavg: 91.698413
boun_nnzmax: 397
decom_cmin: 2
decom_cavg: 27.500000
decom_cmax: 72
decom_nmin: 5
decom_navg: 49.619048
decom_nmax: 153
decom_nnzmin: 5
decom_nnzavg: 68.666667
decom_nnzmax: 235
totreplwgt: 290664
minpartwgt: 222644
avgpartwgt: 229368.062500
maxpartwgt: 239092
fincut: 0
finimbal: 0.042394
