inicut: 39633
iniimbal: 0.041952
replr: 0.010000
maxreplwgt: 24657
boun_cmin: 1
boun_cavg: 21.000000
boun_cmax: 61
boun_nmin: 1
boun_navg: 46.187500
boun_nmax: 135
boun_nnzmin: 1
boun_nnzavg: 70.837500
boun_nnzmax: 232
decom_cmin: 1
decom_cavg: 11.625000
decom_cmax: 12
decom_nmin: 1
decom_navg: 12.237500
decom_nmax: 30
decom_nnzmin: 1
decom_nnzavg: 8.787500
decom_nnzmax: 36
totreplwgt: 24640
minpartwgt: 18680
avgpartwgt: 19456.343750
maxpartwgt: 20072
fincut: 29540
finimbal: 0.031643
