inicut: 20877
iniimbal: 0.067450
replr: 0.010000
maxreplwgt: 7568
boun_cmin: 2
boun_cavg: 18.189189
boun_cmax: 37
boun_nmin: 5
boun_navg: 42.986486
boun_nmax: 100
boun_nnzmin: 5
boun_nnzavg: 61.500000
boun_nnzmax: 157
decom_cmin: 2
decom_cavg: 11.500000
decom_cmax: 12
decom_nmin: 5
decom_navg: 12.121622
decom_nmax: 23
decom_nnzmin: 2
decom_nnzavg: 7.594595
decom_nnzmax: 26
totreplwgt: 7568
minpartwgt: 5660
avgpartwgt: 5972.281250
maxpartwgt: 6312
fincut: 18622
finimbal: 0.056883
