inicut: 35246
iniimbal: 0.045804
replr: 0.010000
maxreplwgt: 7568
boun_cmin: 1
boun_cavg: 9.198675
boun_cmax: 21
boun_nmin: 1
boun_navg: 21.298013
boun_nmax: 56
boun_nnzmin: 1
boun_nnzavg: 24.172185
boun_nnzmax: 70
decom_cmin: 1
decom_cavg: 6.649007
decom_cmax: 7
decom_nmin: 1
decom_navg: 6.781457
decom_nmax: 13
decom_nnzmin: 1
decom_nnzavg: 4.033113
decom_nnzmax: 13
totreplwgt: 7560
minpartwgt: 2876
avgpartwgt: 2986.109375
maxpartwgt: 3092
fincut: 33123
finimbal: 0.035461
