inicut: 44304
iniimbal: 0.047039
replr: 0.100000
maxreplwgt: 2753206
boun_cmin: 1
boun_cavg: 30.883929
boun_cmax: 113
boun_nmin: 2
boun_navg: 58.294643
boun_nmax: 225
boun_nnzmin: 2
boun_nnzavg: 88.767857
boun_nnzmax: 368
decom_cmin: 1
decom_cavg: 30.883929
decom_cmax: 113
decom_nmin: 2
decom_navg: 58.294643
decom_nmax: 225
decom_nnzmin: 2
decom_nnzavg: 88.767857
decom_nnzmax: 368
totreplwgt: 2751104
minpartwgt: 236576
avgpartwgt: 236587.218750
maxpartwgt: 236600
fincut: 0
finimbal: 0.000054
