inicut: 20877
iniimbal: 0.067450
replr: 0.010000
maxreplwgt: 7568
boun_cmin: 1
boun_cavg: 18.297297
boun_cmax: 37
boun_nmin: 3
boun_navg: 43.391892
boun_nmax: 100
boun_nnzmin: 3
boun_nnzavg: 61.932432
boun_nnzmax: 165
decom_cmin: 1
decom_cavg: 11.554054
decom_cmax: 12
decom_nmin: 3
decom_navg: 11.945946
decom_nmax: 20
decom_nnzmin: 2
decom_nnzavg: 7.081081
decom_nnzmax: 20
totreplwgt: 7544
minpartwgt: 5648
avgpartwgt: 5972.093750
maxpartwgt: 6312
fincut: 18739
finimbal: 0.056916
