inicut: 50172
iniimbal: 0.052818
replr: 0.010000
maxreplwgt: 290684
boun_cmin: 2
boun_cavg: 31.433071
boun_cmax: 110
boun_nmin: 5
boun_navg: 62.149606
boun_nmax: 223
boun_nnzmin: 5
boun_nnzavg: 90.992126
boun_nnzmax: 380
decom_cmin: 2
decom_cavg: 27.370079
decom_cmax: 72
decom_nmin: 5
decom_navg: 49.590551
decom_nmax: 153
decom_nnzmin: 5
decom_nnzavg: 68.834646
decom_nnzmax: 235
totreplwgt: 290680
minpartwgt: 222764
avgpartwgt: 229368.187500
maxpartwgt: 239092
fincut: 0
finimbal: 0.042394
