inicut: 45089
iniimbal: 0.070373
replr: 0.010000
maxreplwgt: 109974
boun_cmin: 1
boun_cavg: 27.500000
boun_cmax: 94
boun_nmin: 2
boun_navg: 58.234375
boun_nmax: 208
boun_nnzmin: 3
boun_nnzavg: 88.031250
boun_nnzmax: 345
decom_cmin: 1
decom_cavg: 18.437500
decom_cmax: 48
decom_nmin: 2
decom_navg: 30.382812
decom_nmax: 122
decom_nnzmin: 3
decom_nnzavg: 38.046875
decom_nnzmax: 165
totreplwgt: 109968
minpartwgt: 82636
avgpartwgt: 86776.843750
maxpartwgt: 91964
fincut: 13734
finimbal: 0.059776
