inicut: 15993
iniimbal: 9.479740
replr: 0.010000
maxreplwgt: 23124
boun_cmin: 1
boun_cavg: 169.168539
boun_cmax: 850
boun_nmin: 1
boun_navg: 90.617978
boun_nmax: 517
boun_nnzmin: 1
boun_nnzavg: 262.202247
boun_nnzmax: 1375
decom_cmin: 1
decom_cavg: 53.202247
decom_cmax: 132
decom_nmin: 1
decom_navg: 49.056180
decom_nmax: 90
decom_nnzmin: 1
decom_nnzavg: 120.651685
decom_nnzmax: 1375
totreplwgt: 23124
minpartwgt: 12
avgpartwgt: 18247.039062
maxpartwgt: 189331
fincut: 14959
finimbal: 9.375985
