inicut: 66437
iniimbal: 0.385393
replr: 0.010000
maxreplwgt: 24657
boun_cmin: 2
boun_cavg: 21.256410
boun_cmax: 52
boun_nmin: 4
boun_navg: 46.429487
boun_nmax: 125
boun_nnzmin: 4
boun_nnzavg: 74.403846
boun_nnzmax: 228
decom_cmin: 2
decom_cavg: 11.435897
decom_cmax: 12
decom_nmin: 4
decom_navg: 12.173077
decom_nmax: 30
decom_nnzmin: 2
decom_nnzavg: 8.262821
decom_nnzmax: 36
totreplwgt: 24644
minpartwgt: 5476
avgpartwgt: 9728.187500
maxpartwgt: 13344
fincut: 56162
finimbal: 0.371684
