inicut: 35246
iniimbal: 0.045804
replr: 0.100000
maxreplwgt: 75688
boun_cmin: 4
boun_cavg: 16.890625
boun_cmax: 34
boun_nmin: 9
boun_navg: 40.468750
boun_nmax: 85
boun_nnzmin: 13
boun_nnzavg: 64.027344
boun_nnzmax: 145
decom_cmin: 4
decom_cavg: 8.847656
decom_cmax: 9
decom_nmin: 9
decom_navg: 9.234375
decom_nmax: 21
decom_nnzmin: 2
decom_nnzavg: 6.882812
decom_nnzmax: 25
totreplwgt: 72788
minpartwgt: 3228
avgpartwgt: 3240.906250
maxpartwgt: 3252
fincut: 22327
finimbal: 0.003423
