inicut: 20877
iniimbal: 0.067450
replr: 0.010000
maxreplwgt: 7568
boun_cmin: 1
boun_cavg: 18.133333
boun_cmax: 37
boun_nmin: 3
boun_navg: 42.893333
boun_nmax: 100
boun_nnzmin: 3
boun_nnzavg: 61.186667
boun_nnzmax: 160
decom_cmin: 1
decom_cavg: 11.493333
decom_cmax: 12
decom_nmin: 3
decom_navg: 12.093333
decom_nmax: 23
decom_nnzmin: 2
decom_nnzavg: 7.453333
decom_nnzmax: 26
totreplwgt: 7548
minpartwgt: 5608
avgpartwgt: 5972.125000
maxpartwgt: 6312
fincut: 18840
finimbal: 0.056910
