inicut: 1043753
iniimbal: 0.041711
replr: 0.100000
maxreplwgt: 135076
