inicut: 35246
iniimbal: 0.045804
replr: 0.100000
maxreplwgt: 75688
boun_cmin: 2
boun_cavg: 16.875000
boun_cmax: 34
boun_nmin: 8
boun_navg: 40.605469
boun_nmax: 87
boun_nnzmin: 8
boun_nnzavg: 63.921875
boun_nnzmax: 147
decom_cmin: 2
decom_cavg: 8.847656
decom_cmax: 9
decom_nmin: 8
decom_navg: 9.203125
decom_nmax: 21
decom_nnzmin: 2
decom_nnzavg: 6.593750
decom_nnzmax: 25
totreplwgt: 72716
minpartwgt: 3228
avgpartwgt: 3240.625000
maxpartwgt: 3252
fincut: 22779
finimbal: 0.003510
