inicut: 45089
iniimbal: 0.070373
replr: 0.010000
maxreplwgt: 109974
boun_cmin: 2
boun_cavg: 32.828571
boun_cmax: 101
boun_nmin: 1
boun_navg: 66.876190
boun_nmax: 227
boun_nnzmin: 3
boun_nnzavg: 107.819048
boun_nnzmax: 383
decom_cmin: 2
decom_cavg: 24.238095
decom_cmax: 64
decom_nmin: 1
decom_navg: 34.409524
decom_nmax: 131
decom_nnzmin: 3
decom_nnzavg: 47.504762
decom_nnzmax: 240
totreplwgt: 109972
minpartwgt: 81788
avgpartwgt: 86776.875000
maxpartwgt: 91964
fincut: 14867
finimbal: 0.059775
