inicut: 77832
iniimbal: 0.046072
replr: 0.010000
maxreplwgt: 290684
boun_cmin: 1
boun_cavg: 26.737762
boun_cmax: 99
boun_nmin: 2
boun_navg: 52.860140
boun_nmax: 224
boun_nnzmin: 2
boun_nnzavg: 78.041958
boun_nnzmax: 390
decom_cmin: 1
decom_cavg: 20.020979
decom_cmax: 61
decom_nmin: 2
decom_navg: 33.853147
decom_nmax: 131
decom_nnzmin: 2
decom_nnzavg: 44.730769
decom_nnzmax: 227
totreplwgt: 290680
minpartwgt: 109988
avgpartwgt: 114684.093750
maxpartwgt: 118780
fincut: 0
finimbal: 0.035715
