inicut: 71645
iniimbal: 0.065071
replr: 0.010000
maxreplwgt: 155426
boun_cmin: 1
boun_cavg: 26.177083
boun_cmax: 67
boun_nmin: 2
boun_navg: 53.911458
boun_nmax: 135
boun_nnzmin: 2
boun_nnzavg: 77.510417
boun_nnzmax: 235
decom_cmin: 1
decom_cavg: 17.484375
decom_cmax: 56
decom_nmin: 2
decom_navg: 26.515625
decom_nmax: 108
decom_nnzmin: 2
decom_nnzavg: 31.114583
decom_nnzmax: 170
totreplwgt: 155412
minpartwgt: 58588
avgpartwgt: 61320.390625
maxpartwgt: 64664
fincut: 27019
finimbal: 0.054527
