inicut: 72240
iniimbal: 0.105523
replr: 0.010000
maxreplwgt: 109974
boun_cmin: 1
boun_cavg: 24.089947
boun_cmax: 89
boun_nmin: 2
boun_navg: 49.460317
boun_nmax: 195
boun_nnzmin: 2
boun_nnzavg: 75.481481
boun_nnzmax: 333
decom_cmin: 1
decom_cavg: 14.407407
decom_cmax: 33
decom_nmin: 2
decom_navg: 19.920635
decom_nmax: 74
decom_nnzmin: 1
decom_nnzavg: 21.433862
decom_nnzmax: 99
totreplwgt: 109960
minpartwgt: 37432
avgpartwgt: 43388.390625
maxpartwgt: 47492
fincut: 41412
finimbal: 0.094579
