inicut: 71645
iniimbal: 0.065071
replr: 0.010000
maxreplwgt: 155426
boun_cmin: 1
boun_cavg: 26.219895
boun_cmax: 69
boun_nmin: 2
boun_navg: 53.900524
boun_nmax: 138
boun_nnzmin: 2
boun_nnzavg: 77.664921
boun_nnzmax: 227
decom_cmin: 1
decom_cavg: 17.256545
decom_cmax: 44
decom_nmin: 2
decom_navg: 26.041885
decom_nmax: 89
decom_nnzmin: 2
decom_nnzavg: 30.167539
decom_nnzmax: 135
totreplwgt: 155424
minpartwgt: 58660
avgpartwgt: 61320.437500
maxpartwgt: 64664
fincut: 27028
finimbal: 0.054526
