inicut: 35246
iniimbal: 0.045804
replr: 0.100000
maxreplwgt: 75688
boun_cmin: 4
boun_cavg: 16.972656
boun_cmax: 34
boun_nmin: 8
boun_navg: 40.679688
boun_nmax: 81
boun_nnzmin: 13
boun_nnzavg: 64.269531
boun_nnzmax: 143
decom_cmin: 4
decom_cavg: 8.863281
decom_cmax: 9
decom_nmin: 9
decom_navg: 9.234375
decom_nmax: 21
decom_nnzmin: 2
decom_nnzavg: 6.644531
decom_nnzmax: 25
totreplwgt: 72836
minpartwgt: 3228
avgpartwgt: 3241.093750
maxpartwgt: 3252
fincut: 22706
finimbal: 0.003365
