inicut: 46231
iniimbal: 0.049589
replr: 0.100000
maxreplwgt: 1554260
boun_cmin: 1
boun_cavg: 30.935780
boun_cmax: 79
boun_nmin: 3
boun_navg: 60.944954
boun_nmax: 172
boun_nnzmin: 3
boun_nnzavg: 92.568807
boun_nnzmax: 250
decom_cmin: 1
decom_cavg: 30.935780
decom_cmax: 79
decom_nmin: 3
decom_navg: 60.944954
decom_nmax: 172
decom_nnzmin: 3
decom_nnzavg: 92.568807
decom_nnzmax: 250
totreplwgt: 1552572
minpartwgt: 133544
avgpartwgt: 133556.093750
maxpartwgt: 133568
fincut: 0
finimbal: 0.000089
