inicut: 77832
iniimbal: 0.046072
replr: 0.010000
maxreplwgt: 290684
boun_cmin: 1
boun_cavg: 26.702422
boun_cmax: 101
boun_nmin: 2
boun_navg: 52.456747
boun_nmax: 228
boun_nnzmin: 2
boun_nnzavg: 77.930796
boun_nnzmax: 398
decom_cmin: 1
decom_cavg: 19.865052
decom_cmax: 61
decom_nmin: 2
decom_navg: 33.387543
decom_nmax: 131
decom_nnzmin: 2
decom_nnzavg: 44.038062
decom_nnzmax: 188
totreplwgt: 290660
minpartwgt: 108888
avgpartwgt: 114684.015625
maxpartwgt: 118780
fincut: 0
finimbal: 0.035715
