inicut: 71904
iniimbal: 0.055314
replr: 0.010000
maxreplwgt: 275320
boun_cmin: 1
boun_cavg: 23.971530
boun_cmax: 96
boun_nmin: 3
boun_navg: 47.907473
boun_nmax: 185
boun_nnzmin: 3
boun_nnzavg: 70.555160
boun_nnzmax: 337
decom_cmin: 1
decom_cavg: 19.149466
decom_cmax: 58
decom_nmin: 3
decom_navg: 34.302491
decom_nmax: 114
decom_nnzmin: 3
decom_nnzavg: 46.042705
decom_nnzmax: 174
totreplwgt: 275316
minpartwgt: 104232
avgpartwgt: 108622.562500
maxpartwgt: 113496
fincut: 56
finimbal: 0.044866
