inicut: 92628
iniimbal: 0.156455
replr: 0.010000
maxreplwgt: 319369
boun_cmin: 1
boun_cavg: 25.895911
boun_cmax: 96
boun_nmin: 2
boun_navg: 50.063197
boun_nmax: 200
boun_nnzmin: 3
boun_nnzavg: 76.003717
boun_nnzmax: 342
decom_cmin: 1
decom_cavg: 20.483271
decom_cmax: 76
decom_nmin: 2
decom_navg: 35.405204
decom_nmax: 162
decom_nnzmin: 3
decom_nnzavg: 48.687732
decom_nnzmax: 277
totreplwgt: 319356
minpartwgt: 104948
avgpartwgt: 126001.156250
maxpartwgt: 144272
fincut: 0
finimbal: 0.145005
