inicut: 24328
iniimbal: 0.081502
replr: 0.010000
maxreplwgt: 2528
boun_cmin: 1
boun_cavg: 5.363636
boun_cmax: 9
boun_nmin: 2
boun_navg: 14.389610
boun_nmax: 31
boun_nnzmin: 2
boun_nnzavg: 14.766234
boun_nnzmax: 31
decom_cmin: 1
decom_cavg: 3.831169
decom_cmax: 4
decom_nmin: 2
decom_navg: 3.883117
decom_nmax: 4
decom_nnzmin: 1
decom_nnzavg: 2.389610
decom_nnzmax: 5
totreplwgt: 2528
minpartwgt: 936
avgpartwgt: 997.390625
maxpartwgt: 1068
fincut: 23210
finimbal: 0.070794
