inicut: 20877
iniimbal: 0.067450
replr: 0.010000
maxreplwgt: 7568
boun_cmin: 2
boun_cavg: 18.131579
boun_cmax: 38
boun_nmin: 5
boun_navg: 42.815789
boun_nmax: 100
boun_nnzmin: 5
boun_nnzavg: 61.144737
boun_nnzmax: 165
decom_cmin: 2
decom_cavg: 11.578947
decom_cmax: 12
decom_nmin: 5
decom_navg: 11.973684
decom_nmax: 20
decom_nnzmin: 2
decom_nnzavg: 7.105263
decom_nnzmax: 20
totreplwgt: 7564
minpartwgt: 5648
avgpartwgt: 5972.250000
maxpartwgt: 6312
fincut: 18492
finimbal: 0.056888
