inicut: 44304
iniimbal: 0.047039
replr: 0.010000
maxreplwgt: 275320
boun_cmin: 1
boun_cavg: 29.458647
boun_cmax: 109
boun_nmin: 1
boun_navg: 59.300752
boun_nmax: 178
boun_nnzmin: 1
boun_nnzavg: 85.278195
boun_nnzmax: 287
decom_cmin: 1
decom_cavg: 24.218045
decom_cmax: 58
decom_nmin: 1
decom_navg: 44.225564
decom_nmax: 125
decom_nnzmin: 1
decom_nnzavg: 59.112782
decom_nnzmax: 176
totreplwgt: 275296
minpartwgt: 207432
avgpartwgt: 217244.968750
maxpartwgt: 225212
fincut: 157
finimbal: 0.036673
