inicut: 15805
iniimbal: 0.045047
replr: 0.100000
maxreplwgt: 25280
boun_cmin: 1
boun_cavg: 11.164062
boun_cmax: 24
boun_nmin: 3
boun_navg: 28.695312
boun_nmax: 61
boun_nnzmin: 3
boun_nnzavg: 39.367188
boun_nnzmax: 99
decom_cmin: 1
decom_cavg: 6.859375
decom_cmax: 7
decom_nmin: 3
decom_navg: 7.187500
decom_nmax: 16
decom_nnzmin: 1
decom_nnzavg: 4.828125
decom_nnzmax: 19
totreplwgt: 23664
minpartwgt: 2148
avgpartwgt: 2159.906250
maxpartwgt: 2172
fincut: 10175
finimbal: 0.005599
