inicut: 72240
iniimbal: 0.105523
replr: 0.010000
maxreplwgt: 109974
boun_cmin: 1
boun_cavg: 24.073684
boun_cmax: 89
boun_nmin: 1
boun_navg: 49.373684
boun_nmax: 195
boun_nnzmin: 1
boun_nnzavg: 75.368421
boun_nnzmax: 333
decom_cmin: 1
decom_cavg: 14.447368
decom_cmax: 29
decom_nmin: 1
decom_navg: 19.989474
decom_nmax: 62
decom_nnzmin: 1
decom_nnzavg: 21.531579
decom_nnzmax: 98
totreplwgt: 109968
minpartwgt: 37404
avgpartwgt: 43388.421875
maxpartwgt: 47492
fincut: 41301
finimbal: 0.094578
