inicut: 27834
iniimbal: 0.243402
replr: 0.010000
maxreplwgt: 12069
boun_cmin: 4
boun_cavg: 17.548387
boun_cmax: 42
boun_nmin: 9
boun_navg: 42.612903
boun_nmax: 106
boun_nnzmin: 12
boun_nnzavg: 60.080645
boun_nnzmax: 177
decom_cmin: 4
decom_cavg: 11.193548
decom_cmax: 20
decom_nmin: 9
decom_navg: 12.403226
decom_nmax: 47
decom_nnzmin: 2
decom_nnzavg: 9.129032
decom_nnzmax: 70
totreplwgt: 12048
minpartwgt: 7648
avgpartwgt: 9523.093750
maxpartwgt: 11724
fincut: 23743
finimbal: 0.231113
