inicut: 71904
iniimbal: 0.055314
replr: 0.010000
maxreplwgt: 275320
boun_cmin: 1
boun_cavg: 23.905263
boun_cmax: 95
boun_nmin: 2
boun_navg: 47.694737
boun_nmax: 185
boun_nnzmin: 2
boun_nnzavg: 70.277193
boun_nnzmax: 334
decom_cmin: 1
decom_cavg: 18.950877
decom_cmax: 58
decom_nmin: 2
decom_navg: 33.912281
decom_nmax: 120
decom_nnzmin: 2
decom_nnzavg: 45.592982
decom_nnzmax: 185
totreplwgt: 275320
minpartwgt: 104232
avgpartwgt: 108622.578125
maxpartwgt: 113496
fincut: 26
finimbal: 0.044866
