inicut: 45089
iniimbal: 0.070373
replr: 0.010000
maxreplwgt: 109974
boun_cmin: 1
boun_cavg: 28.504065
boun_cmax: 94
boun_nmin: 2
boun_navg: 60.585366
boun_nmax: 208
boun_nnzmin: 2
boun_nnzavg: 91.642276
boun_nnzmax: 345
decom_cmin: 1
decom_cavg: 18.520325
decom_cmax: 44
decom_nmin: 2
decom_navg: 29.902439
decom_nmax: 104
decom_nnzmin: 2
decom_nnzavg: 36.853659
decom_nnzmax: 146
totreplwgt: 109960
minpartwgt: 81816
avgpartwgt: 86776.781250
maxpartwgt: 91964
fincut: 13906
finimbal: 0.059777
