inicut: 46231
iniimbal: 0.049589
replr: 0.100000
maxreplwgt: 1554260
boun_cmin: 2
boun_cavg: 31.858491
boun_cmax: 77
boun_nmin: 4
boun_navg: 62.669811
boun_nmax: 172
boun_nnzmin: 6
boun_nnzavg: 95.094340
boun_nnzmax: 250
decom_cmin: 2
decom_cavg: 31.858491
decom_cmax: 77
decom_nmin: 4
decom_navg: 62.669811
decom_nmax: 172
decom_nnzmin: 6
decom_nnzavg: 95.094340
decom_nnzmax: 250
totreplwgt: 1552640
minpartwgt: 133544
avgpartwgt: 133556.625000
maxpartwgt: 133568
fincut: 0
finimbal: 0.000085
