inicut: 15805
iniimbal: 0.045047
replr: 0.010000
maxreplwgt: 2528
boun_cmin: 1
boun_cavg: 7.550000
boun_cmax: 16
boun_nmin: 1
boun_navg: 19.016667
boun_nmax: 39
boun_nnzmin: 1
boun_nnzavg: 20.416667
boun_nnzmax: 50
decom_cmin: 1
decom_cavg: 5.816667
decom_cmax: 6
decom_nmin: 1
decom_navg: 5.866667
decom_nmax: 6
decom_nnzmin: 1
decom_nnzavg: 3.333333
decom_nnzmax: 7
totreplwgt: 2516
minpartwgt: 1916
avgpartwgt: 1994.687500
maxpartwgt: 2064
fincut: 14687
finimbal: 0.034749
