inicut: 44470
iniimbal: 0.926828
replr: 0.100000
maxreplwgt: 120690
boun_cmin: 1
boun_cavg: 12.788462
boun_cmax: 44
boun_nmin: 1
boun_navg: 30.857143
boun_nmax: 103
boun_nnzmin: 1
boun_nnzavg: 47.208791
boun_nnzmax: 180
decom_cmin: 1
decom_cavg: 6.631868
decom_cmax: 26
decom_nmin: 1
decom_navg: 10.870879
decom_nmax: 63
decom_nnzmin: 1
decom_nnzavg: 12.695055
decom_nnzmax: 91
totreplwgt: 120688
minpartwgt: 0
avgpartwgt: 5185.921875
maxpartwgt: 9084
fincut: 7026
finimbal: 0.751665
