inicut: 71904
iniimbal: 0.055314
replr: 0.010000
maxreplwgt: 275320
boun_cmin: 1
boun_cavg: 24.035088
boun_cmax: 93
boun_nmin: 2
boun_navg: 47.887719
boun_nmax: 182
boun_nnzmin: 2
boun_nnzavg: 70.750877
boun_nnzmax: 328
decom_cmin: 1
decom_cavg: 19.042105
decom_cmax: 58
decom_nmin: 2
decom_navg: 33.957895
decom_nmax: 109
decom_nnzmin: 2
decom_nnzavg: 45.677193
decom_nnzmax: 167
totreplwgt: 275300
minpartwgt: 104232
avgpartwgt: 108622.500000
maxpartwgt: 113496
fincut: 140
finimbal: 0.044866
