inicut: 66437
iniimbal: 0.385393
replr: 0.100000
maxreplwgt: 246577
boun_cmin: 1
boun_cavg: 13.279412
boun_cmax: 50
boun_nmin: 1
boun_navg: 29.882353
boun_nmax: 118
boun_nnzmin: 1
boun_nnzavg: 47.191176
boun_nnzmax: 203
decom_cmin: 1
decom_cavg: 8.669118
decom_cmax: 21
decom_nmin: 1
decom_navg: 16.558824
decom_nmax: 49
decom_nnzmin: 1
decom_nnzavg: 22.694853
decom_nnzmax: 85
totreplwgt: 246572
minpartwgt: 10276
avgpartwgt: 10595.093750
maxpartwgt: 13344
fincut: 0
finimbal: 0.259451
