inicut: 27834
iniimbal: 0.243402
replr: 0.010000
maxreplwgt: 12069
boun_cmin: 1
boun_cavg: 18.159091
boun_cmax: 44
boun_nmin: 1
boun_navg: 42.636364
boun_nmax: 83
boun_nnzmin: 1
boun_nnzavg: 62.454545
boun_nnzmax: 167
decom_cmin: 1
decom_cavg: 12.750000
decom_cmax: 23
decom_nmin: 1
decom_navg: 14.886364
decom_nmax: 47
decom_nnzmin: 1
decom_nnzavg: 16.704545
decom_nnzmax: 68
totreplwgt: 12068
minpartwgt: 7420
avgpartwgt: 9523.250000
maxpartwgt: 11724
fincut: 22683
finimbal: 0.231092
