inicut: 45089
iniimbal: 0.070373
replr: 0.010000
maxreplwgt: 109974
boun_cmin: 1
boun_cavg: 27.132812
boun_cmax: 92
boun_nmin: 2
boun_navg: 57.859375
boun_nmax: 191
boun_nnzmin: 2
boun_nnzavg: 87.148438
boun_nnzmax: 335
decom_cmin: 1
decom_cavg: 18.117188
decom_cmax: 48
decom_nmin: 2
decom_navg: 29.687500
decom_nmax: 122
decom_nnzmin: 2
decom_nnzavg: 36.773438
decom_nnzmax: 165
totreplwgt: 109972
minpartwgt: 81816
avgpartwgt: 86776.875000
maxpartwgt: 91964
fincut: 13560
finimbal: 0.059775
