inicut: 44470
iniimbal: 0.926828
replr: 0.100000
maxreplwgt: 120690
boun_cmin: 1
boun_cavg: 12.713816
boun_cmax: 44
boun_nmin: 1
boun_navg: 29.838816
boun_nmax: 103
boun_nnzmin: 1
boun_nnzavg: 47.194079
boun_nnzmax: 182
decom_cmin: 1
decom_cavg: 8.707237
decom_cmax: 28
decom_nmin: 1
decom_navg: 12.121711
decom_nmax: 47
decom_nnzmin: 1
decom_nnzavg: 15.664474
decom_nnzmax: 156
totreplwgt: 120688
minpartwgt: 28
avgpartwgt: 5185.921875
maxpartwgt: 9084
fincut: 1812
finimbal: 0.751665
