inicut: 35246
iniimbal: 0.045804
replr: 0.010000
maxreplwgt: 7568
boun_cmin: 1
boun_cavg: 9.055556
boun_cmax: 25
boun_nmin: 1
boun_navg: 20.324074
boun_nmax: 64
boun_nnzmin: 1
boun_nnzavg: 23.981481
boun_nnzmax: 98
decom_cmin: 1
decom_cavg: 8.074074
decom_cmax: 19
decom_nmin: 1
decom_navg: 14.157407
decom_nmax: 29
decom_nnzmin: 1
decom_nnzavg: 14.490741
decom_nnzmax: 29
totreplwgt: 7568
minpartwgt: 2944
avgpartwgt: 2986.140625
maxpartwgt: 3092
fincut: 31927
finimbal: 0.035450
