inicut: 35246
iniimbal: 0.045804
replr: 0.010000
maxreplwgt: 7568
boun_cmin: 1
boun_cavg: 9.231293
boun_cmax: 21
boun_nmin: 1
boun_navg: 21.197279
boun_nmax: 56
boun_nnzmin: 1
boun_nnzavg: 23.993197
boun_nnzmax: 70
decom_cmin: 1
decom_cavg: 6.666667
decom_cmax: 7
decom_nmin: 1
decom_navg: 6.734694
decom_nmax: 7
decom_nnzmin: 1
decom_nnzavg: 3.952381
decom_nnzmax: 9
totreplwgt: 7544
minpartwgt: 2876
avgpartwgt: 2986.046875
maxpartwgt: 3092
fincut: 33282
finimbal: 0.035483
