inicut: 71904
iniimbal: 0.055314
replr: 0.100000
maxreplwgt: 2753206
boun_cmin: 1
boun_cavg: 22.156250
boun_cmax: 88
boun_nmin: 2
boun_navg: 46.732143
boun_nmax: 181
boun_nnzmin: 2
boun_nnzavg: 64.665179
boun_nnzmax: 291
decom_cmin: 1
decom_cavg: 22.156250
decom_cmax: 88
decom_nmin: 2
decom_navg: 46.732143
decom_nmax: 181
decom_nnzmin: 2
decom_nnzavg: 64.665179
decom_nnzmax: 291
totreplwgt: 2749820
minpartwgt: 118276
avgpartwgt: 118288.593750
maxpartwgt: 118300
fincut: 0
finimbal: 0.000096
