inicut: 72240
iniimbal: 0.105523
replr: 0.010000
maxreplwgt: 109974
boun_cmin: 1
boun_cavg: 24.000000
boun_cmax: 89
boun_nmin: 2
boun_navg: 49.361257
boun_nmax: 195
boun_nnzmin: 2
boun_nnzavg: 75.214660
boun_nnzmax: 333
decom_cmin: 1
decom_cavg: 14.424084
decom_cmax: 29
decom_nmin: 2
decom_navg: 20.000000
decom_nmax: 62
decom_nnzmin: 2
decom_nnzavg: 21.738220
decom_nnzmax: 98
totreplwgt: 109960
minpartwgt: 37404
avgpartwgt: 43388.390625
maxpartwgt: 47492
fincut: 41715
finimbal: 0.094579
