inicut: 44470
iniimbal: 0.926828
replr: 0.100000
maxreplwgt: 120690
boun_cmin: 1
boun_cavg: 12.752688
boun_cmax: 47
boun_nmin: 1
boun_navg: 30.795699
boun_nmax: 103
boun_nnzmin: 1
boun_nnzavg: 47.083333
boun_nnzmax: 207
decom_cmin: 1
decom_cavg: 6.634409
decom_cmax: 23
decom_nmin: 1
decom_navg: 10.986559
decom_nmax: 57
decom_nnzmin: 1
decom_nnzavg: 12.862903
decom_nnzmax: 85
totreplwgt: 120684
minpartwgt: 28
avgpartwgt: 5185.906250
maxpartwgt: 9084
fincut: 6512
finimbal: 0.751671
