inicut: 71645
iniimbal: 0.065071
replr: 0.100000
maxreplwgt: 1554260
boun_cmin: 1
boun_cavg: 20.674009
boun_cmax: 58
boun_nmin: 2
boun_navg: 44.810573
boun_nmax: 122
boun_nnzmin: 2
boun_nnzavg: 61.193833
boun_nnzmax: 190
decom_cmin: 1
decom_cavg: 20.506608
decom_cmax: 57
decom_nmin: 2
decom_navg: 44.361233
decom_nmax: 120
decom_nnzmin: 2
decom_nnzavg: 60.511013
decom_nnzmax: 190
totreplwgt: 1551024
minpartwgt: 66760
avgpartwgt: 66772.000000
maxpartwgt: 66784
fincut: 0
finimbal: 0.000180
