inicut: 71645
iniimbal: 0.065071
replr: 0.100000
maxreplwgt: 1554260
boun_cmin: 1
boun_cavg: 20.778761
boun_cmax: 58
boun_nmin: 2
boun_navg: 45.017699
boun_nmax: 122
boun_nnzmin: 2
boun_nnzavg: 61.477876
boun_nnzmax: 197
decom_cmin: 1
decom_cavg: 20.610619
decom_cmax: 58
decom_nmin: 2
decom_navg: 44.566372
decom_nmax: 121
decom_nnzmin: 2
decom_nnzavg: 60.796460
decom_nnzmax: 197
totreplwgt: 1551032
minpartwgt: 66760
avgpartwgt: 66772.031250
maxpartwgt: 66784
fincut: 0
finimbal: 0.000179
