inicut: 44304
iniimbal: 0.047039
replr: 0.010000
maxreplwgt: 275320
boun_cmin: 1
boun_cavg: 29.111111
boun_cmax: 109
boun_nmin: 1
boun_navg: 58.474074
boun_nmax: 201
boun_nnzmin: 1
boun_nnzavg: 84.111111
boun_nnzmax: 333
decom_cmin: 1
decom_cavg: 23.837037
decom_cmax: 58
decom_nmin: 1
decom_navg: 43.444444
decom_nmax: 129
decom_nnzmin: 1
decom_nnzavg: 58.162963
decom_nnzmax: 176
totreplwgt: 275316
minpartwgt: 207432
avgpartwgt: 217245.125000
maxpartwgt: 225212
fincut: 165
finimbal: 0.036672
