inicut: 15993
iniimbal: 9.479740
replr: 0.010000
maxreplwgt: 23124
boun_cmin: 1
boun_cavg: 171.727273
boun_cmax: 850
boun_nmin: 1
boun_navg: 91.522727
boun_nmax: 517
boun_nnzmin: 1
boun_nnzavg: 265.522727
boun_nnzmax: 1375
decom_cmin: 1
decom_cavg: 53.113636
decom_cmax: 132
decom_nmin: 1
decom_navg: 49.522727
decom_nmax: 90
decom_nnzmin: 1
decom_nnzavg: 122.227273
decom_nnzmax: 1375
totreplwgt: 23124
minpartwgt: 12
avgpartwgt: 18247.039062
maxpartwgt: 189331
fincut: 14966
finimbal: 9.375985
