inicut: 39633
iniimbal: 0.041952
replr: 0.100000
maxreplwgt: 246577
boun_cmin: 1
boun_cavg: 15.650943
boun_cmax: 45
boun_nmin: 1
boun_navg: 36.877358
boun_nmax: 102
boun_nnzmin: 1
boun_nnzavg: 56.037736
boun_nnzmax: 169
decom_cmin: 1
decom_cavg: 13.424528
decom_cmax: 32
decom_nmin: 1
decom_navg: 30.000000
decom_nmax: 76
decom_nnzmin: 1
decom_nnzavg: 43.405660
decom_nnzmax: 117
totreplwgt: 244696
minpartwgt: 21164
avgpartwgt: 21175.531250
maxpartwgt: 21188
fincut: 276
finimbal: 0.000589
