inicut: 71645
iniimbal: 0.065071
replr: 0.010000
maxreplwgt: 155426
boun_cmin: 1
boun_cavg: 26.534392
boun_cmax: 67
boun_nmin: 2
boun_navg: 54.571429
boun_nmax: 138
boun_nnzmin: 2
boun_nnzavg: 78.603175
boun_nnzmax: 216
decom_cmin: 1
decom_cavg: 17.476190
decom_cmax: 55
decom_nmin: 2
decom_navg: 26.026455
decom_nmax: 112
decom_nnzmin: 2
decom_nnzavg: 29.994709
decom_nnzmax: 167
totreplwgt: 155400
minpartwgt: 58324
avgpartwgt: 61320.343750
maxpartwgt: 64664
fincut: 27129
finimbal: 0.054528
