inicut: 59526
iniimbal: 0.061243
replr: 0.010000
maxreplwgt: 319369
boun_cmin: 1
boun_cavg: 30.937008
boun_cmax: 97
boun_nmin: 2
boun_navg: 59.385827
boun_nmax: 176
boun_nnzmin: 2
boun_nnzavg: 90.307087
boun_nnzmax: 307
decom_cmin: 1
decom_cavg: 24.771654
decom_cmax: 95
decom_nmin: 2
decom_navg: 43.866142
decom_nmax: 175
decom_nnzmin: 2
decom_nnzavg: 61.338583
decom_nnzmax: 284
totreplwgt: 319356
minpartwgt: 244328
avgpartwgt: 252002.312500
maxpartwgt: 264788
fincut: 20
finimbal: 0.050736
