inicut: 39633
iniimbal: 0.041952
replr: 0.100000
maxreplwgt: 246577
boun_cmin: 1
boun_cavg: 17.000000
boun_cmax: 71
boun_nmin: 1
boun_navg: 37.364486
boun_nmax: 144
boun_nnzmin: 1
boun_nnzavg: 61.495327
boun_nnzmax: 282
decom_cmin: 1
decom_cavg: 13.981308
decom_cmax: 31
decom_nmin: 1
decom_navg: 27.411215
decom_nmax: 68
decom_nnzmin: 1
decom_nnzavg: 40.766355
decom_nnzmax: 112
totreplwgt: 244756
minpartwgt: 21164
avgpartwgt: 21176.000000
maxpartwgt: 21188
fincut: 147
finimbal: 0.000567
