inicut: 71904
iniimbal: 0.055314
replr: 0.010000
maxreplwgt: 275320
boun_cmin: 1
boun_cavg: 23.767361
boun_cmax: 97
boun_nmin: 1
boun_navg: 47.538194
boun_nmax: 190
boun_nnzmin: 1
boun_nnzavg: 69.975694
boun_nnzmax: 342
decom_cmin: 1
decom_cavg: 18.875000
decom_cmax: 63
decom_nmin: 1
decom_navg: 33.947917
decom_nmax: 140
decom_nnzmin: 1
decom_nnzavg: 45.475694
decom_nnzmax: 219
totreplwgt: 275300
minpartwgt: 104376
avgpartwgt: 108622.500000
maxpartwgt: 113496
fincut: 109
finimbal: 0.044866
