inicut: 71645
iniimbal: 0.065071
replr: 0.100000
maxreplwgt: 1554260
boun_cmin: 1
boun_cavg: 20.660793
boun_cmax: 58
boun_nmin: 2
boun_navg: 44.770925
boun_nmax: 122
boun_nnzmin: 2
boun_nnzavg: 61.140969
boun_nnzmax: 179
decom_cmin: 1
decom_cavg: 20.493392
decom_cmax: 55
decom_nmin: 2
decom_navg: 44.321586
decom_nmax: 120
decom_nnzmin: 2
decom_nnzavg: 60.466960
decom_nnzmax: 179
totreplwgt: 1551020
minpartwgt: 66760
avgpartwgt: 66771.984375
maxpartwgt: 66784
fincut: 0
finimbal: 0.000180
