inicut: 44470
iniimbal: 0.926828
replr: 0.010000
maxreplwgt: 12069
boun_cmin: 1
boun_cavg: 12.379845
boun_cmax: 31
boun_nmin: 1
boun_navg: 28.372093
boun_nmax: 87
boun_nnzmin: 1
boun_nnzavg: 37.682171
boun_nnzmax: 107
decom_cmin: 1
decom_cavg: 8.480620
decom_cmax: 14
decom_nmin: 1
decom_navg: 9.527132
decom_nmax: 41
decom_nnzmin: 1
decom_nnzavg: 6.581395
decom_nnzmax: 49
totreplwgt: 12064
minpartwgt: 28
avgpartwgt: 4761.609375
maxpartwgt: 9084
fincut: 40596
finimbal: 0.907758
