inicut: 71904
iniimbal: 0.055314
replr: 0.010000
maxreplwgt: 275320
boun_cmin: 1
boun_cavg: 23.800699
boun_cmax: 97
boun_nmin: 2
boun_navg: 47.437063
boun_nmax: 190
boun_nnzmin: 2
boun_nnzavg: 69.996503
boun_nnzmax: 342
decom_cmin: 1
decom_cavg: 19.024476
decom_cmax: 63
decom_nmin: 2
decom_navg: 34.094406
decom_nmax: 140
decom_nnzmin: 2
decom_nnzavg: 46.000000
decom_nnzmax: 219
totreplwgt: 275316
minpartwgt: 104232
avgpartwgt: 108622.562500
maxpartwgt: 113496
fincut: 0
finimbal: 0.044866
