inicut: 77832
iniimbal: 0.046072
replr: 0.010000
maxreplwgt: 290684
boun_cmin: 1
boun_cavg: 27.162544
boun_cmax: 99
boun_nmin: 2
boun_navg: 53.335689
boun_nmax: 221
boun_nnzmin: 2
boun_nnzavg: 79.021201
boun_nnzmax: 384
decom_cmin: 1
decom_cavg: 20.300353
decom_cmax: 69
decom_nmin: 2
decom_navg: 34.074205
decom_nmax: 133
decom_nnzmin: 2
decom_nnzavg: 44.869258
decom_nnzmax: 245
totreplwgt: 290668
minpartwgt: 108152
avgpartwgt: 114684.046875
maxpartwgt: 118780
fincut: 0
finimbal: 0.035715
