inicut: 72240
iniimbal: 0.105523
replr: 0.100000
maxreplwgt: 1099746
boun_cmin: 1
boun_cavg: 20.651064
boun_cmax: 86
boun_nmin: 1
boun_navg: 44.744681
boun_nmax: 187
boun_nnzmin: 1
boun_nnzavg: 67.778723
boun_nnzmax: 325
decom_cmin: 1
decom_cavg: 18.736170
decom_cmax: 59
decom_nmin: 1
decom_navg: 39.136170
decom_nmax: 135
decom_nnzmin: 1
decom_nnzavg: 56.561702
decom_nnzmax: 211
totreplwgt: 1097704
minpartwgt: 47228
avgpartwgt: 47246.765625
maxpartwgt: 47492
fincut: 372
finimbal: 0.005191
