inicut: 20877
iniimbal: 0.067450
replr: 0.100000
maxreplwgt: 75688
boun_cmin: 2
boun_cavg: 17.880952
boun_cmax: 37
boun_nmin: 3
boun_navg: 43.603175
boun_nmax: 93
boun_nnzmin: 6
boun_nnzavg: 68.658730
boun_nnzmax: 164
decom_cmin: 2
decom_cavg: 9.492063
decom_cmax: 13
decom_nmin: 3
decom_navg: 11.476190
decom_nmax: 34
decom_nnzmin: 3
decom_nnzavg: 10.753968
decom_nnzmax: 42
totreplwgt: 74180
minpartwgt: 6480
avgpartwgt: 6492.687500
maxpartwgt: 6504
fincut: 6670
finimbal: 0.001742
