inicut: 27834
iniimbal: 0.243402
replr: 0.100000
maxreplwgt: 120690
boun_cmin: 1
boun_cavg: 13.948052
boun_cmax: 48
boun_nmin: 1
boun_navg: 34.331169
boun_nmax: 105
boun_nnzmin: 1
boun_nnzavg: 53.701299
boun_nnzmax: 193
decom_cmin: 1
decom_cavg: 9.383117
decom_cmax: 21
decom_nmin: 1
decom_navg: 18.623377
decom_nmax: 58
decom_nnzmin: 1
decom_nnzavg: 24.941558
decom_nnzmax: 88
totreplwgt: 120688
minpartwgt: 9872
avgpartwgt: 10371.843750
maxpartwgt: 11724
fincut: 357
finimbal: 0.130368
