inicut: 72240
iniimbal: 0.105523
replr: 0.010000
maxreplwgt: 109974
boun_cmin: 1
boun_cavg: 24.379679
boun_cmax: 89
boun_nmin: 5
boun_navg: 50.181818
boun_nmax: 195
boun_nnzmin: 5
boun_nnzavg: 76.433155
boun_nnzmax: 333
decom_cmin: 1
decom_cavg: 14.625668
decom_cmax: 31
decom_nmin: 5
decom_navg: 20.433155
decom_nmax: 70
decom_nnzmin: 3
decom_nnzavg: 22.272727
decom_nnzmax: 98
totreplwgt: 109968
minpartwgt: 37432
avgpartwgt: 43388.421875
maxpartwgt: 47492
fincut: 41234
finimbal: 0.094578
