inicut: 20877
iniimbal: 0.067450
replr: 0.100000
maxreplwgt: 75688
boun_cmin: 1
boun_cavg: 18.309524
boun_cmax: 35
boun_nmin: 3
boun_navg: 44.531746
boun_nmax: 85
boun_nnzmin: 3
boun_nnzavg: 70.111111
boun_nnzmax: 143
decom_cmin: 1
decom_cavg: 9.563492
decom_cmax: 13
decom_nmin: 3
decom_navg: 11.515873
decom_nmax: 34
decom_nnzmin: 3
decom_nnzavg: 10.365079
decom_nnzmax: 42
totreplwgt: 74124
minpartwgt: 6480
avgpartwgt: 6492.250000
maxpartwgt: 6504
fincut: 6535
finimbal: 0.001810
