inicut: 50172
iniimbal: 0.052818
replr: 0.010000
maxreplwgt: 290684
boun_cmin: 2
boun_cavg: 32.669355
boun_cmax: 107
boun_nmin: 5
boun_navg: 64.290323
boun_nmax: 220
boun_nnzmin: 5
boun_nnzavg: 94.290323
boun_nnzmax: 374
decom_cmin: 2
decom_cavg: 28.201613
decom_cmax: 85
decom_nmin: 5
decom_navg: 50.629032
decom_nmax: 167
decom_nnzmin: 5
decom_nnzavg: 70.274194
decom_nnzmax: 294
totreplwgt: 290664
minpartwgt: 222764
avgpartwgt: 229368.062500
maxpartwgt: 239092
fincut: 0
finimbal: 0.042394
