inicut: 77832
iniimbal: 0.046072
replr: 0.010000
maxreplwgt: 290684
boun_cmin: 1
boun_cavg: 25.892473
boun_cmax: 99
boun_nmin: 2
boun_navg: 51.591398
boun_nmax: 225
boun_nnzmin: 2
boun_nnzavg: 75.673835
boun_nnzmax: 392
decom_cmin: 1
decom_cavg: 25.892473
decom_cmax: 99
decom_nmin: 2
decom_navg: 39.114695
decom_nmax: 135
decom_nnzmin: 2
decom_nnzavg: 50.587814
decom_nnzmax: 228
totreplwgt: 290660
minpartwgt: 110700
avgpartwgt: 114684.015625
maxpartwgt: 118780
fincut: 0
finimbal: 0.035715
