inicut: 298092
iniimbal: 0.062517
replr: 0.100000
maxreplwgt: 9227
boun_cmin: 8
boun_cavg: 336.175182
boun_cmax: 6729
boun_nmin: 1
boun_navg: 443.160584
boun_nmax: 14685
boun_nnzmin: 8
boun_nnzavg: 2098.204380
boun_nnzmax: 29919
decom_cmin: 8
decom_cavg: 93.744526
decom_cmax: 151
decom_nmin: 1
decom_navg: 77.131387
decom_nmax: 151
decom_nnzmin: 8
decom_nnzavg: 163.846715
decom_nnzmax: 1613
totreplwgt: 9097
minpartwgt: 396
avgpartwgt: 396.000000
maxpartwgt: 396
fincut: 295609
finimbal: 0.000000
