inicut: 46231
iniimbal: 0.049589
replr: 0.010000
maxreplwgt: 155426
boun_cmin: 1
boun_cavg: 28.820144
boun_cmax: 67
boun_nmin: 1
boun_navg: 60.611511
boun_nmax: 156
boun_nnzmin: 1
boun_nnzavg: 86.575540
boun_nnzmax: 219
decom_cmin: 1
decom_cavg: 22.064748
decom_cmax: 56
decom_nmin: 1
decom_navg: 37.949640
decom_nmax: 119
decom_nnzmin: 1
decom_nnzavg: 49.129496
decom_nnzmax: 172
totreplwgt: 155416
minpartwgt: 115916
avgpartwgt: 122640.812500
maxpartwgt: 127448
fincut: 1466
finimbal: 0.039197
