inicut: 77832
iniimbal: 0.046072
replr: 0.010000
maxreplwgt: 290684
boun_cmin: 1
boun_cavg: 26.904594
boun_cmax: 101
boun_nmin: 2
boun_navg: 53.010601
boun_nmax: 228
boun_nnzmin: 2
boun_nnzavg: 78.236749
boun_nnzmax: 398
decom_cmin: 1
decom_cavg: 20.162544
decom_cmax: 61
decom_nmin: 2
decom_navg: 33.985866
decom_nmax: 131
decom_nnzmin: 2
decom_nnzavg: 44.851590
decom_nnzmax: 219
totreplwgt: 290660
minpartwgt: 109988
avgpartwgt: 114684.015625
maxpartwgt: 118780
fincut: 0
finimbal: 0.035715
