inicut: 72240
iniimbal: 0.105523
replr: 0.010000
maxreplwgt: 109974
boun_cmin: 1
boun_cavg: 24.559140
boun_cmax: 89
boun_nmin: 2
boun_navg: 50.500000
boun_nmax: 195
boun_nnzmin: 2
boun_nnzavg: 77.048387
boun_nnzmax: 333
decom_cmin: 1
decom_cavg: 14.838710
decom_cmax: 32
decom_nmin: 2
decom_navg: 20.586022
decom_nmax: 72
decom_nnzmin: 2
decom_nnzavg: 22.290323
decom_nnzmax: 97
totreplwgt: 109960
minpartwgt: 37432
avgpartwgt: 43388.390625
maxpartwgt: 47492
fincut: 41229
finimbal: 0.094579
