inicut: 71904
iniimbal: 0.055314
replr: 0.010000
maxreplwgt: 275320
boun_cmin: 1
boun_cavg: 24.049296
boun_cmax: 97
boun_nmin: 2
boun_navg: 48.021127
boun_nmax: 190
boun_nnzmin: 2
boun_nnzavg: 70.834507
boun_nnzmax: 342
decom_cmin: 1
decom_cavg: 19.021127
decom_cmax: 59
decom_nmin: 2
decom_navg: 34.052817
decom_nmax: 127
decom_nnzmin: 2
decom_nnzavg: 45.774648
decom_nnzmax: 202
totreplwgt: 275312
minpartwgt: 104232
avgpartwgt: 108622.546875
maxpartwgt: 113496
fincut: 139
finimbal: 0.044866
