inicut: 45089
iniimbal: 0.070373
replr: 0.010000
maxreplwgt: 109974
boun_cmin: 2
boun_cavg: 28.942149
boun_cmax: 91
boun_nmin: 2
boun_navg: 61.314050
boun_nmax: 200
boun_nnzmin: 4
boun_nnzavg: 92.859504
boun_nnzmax: 338
decom_cmin: 2
decom_cavg: 19.247934
decom_cmax: 48
decom_nmin: 2
decom_navg: 31.553719
decom_nmax: 122
decom_nnzmin: 4
decom_nnzavg: 39.537190
decom_nnzmax: 165
totreplwgt: 109960
minpartwgt: 81816
avgpartwgt: 86776.781250
maxpartwgt: 91964
fincut: 13579
finimbal: 0.059777
