inicut: 77832
iniimbal: 0.046072
replr: 0.100000
maxreplwgt: 2906844
boun_cmin: 1
boun_cavg: 23.785388
boun_cmax: 84
boun_nmin: 2
boun_navg: 49.232877
boun_nmax: 173
boun_nnzmin: 2
boun_nnzavg: 68.328767
boun_nnzmax: 282
decom_cmin: 1
decom_cavg: 23.785388
decom_cmax: 84
decom_nmin: 2
decom_navg: 49.232877
decom_nmax: 173
decom_nnzmin: 2
decom_nnzavg: 68.328767
decom_nnzmax: 282
totreplwgt: 2902744
minpartwgt: 124876
avgpartwgt: 124887.468750
maxpartwgt: 124900
fincut: 0
finimbal: 0.000100
