inicut: 50172
iniimbal: 0.052818
replr: 0.010000
maxreplwgt: 290684
boun_cmin: 1
boun_cavg: 31.685039
boun_cmax: 121
boun_nmin: 4
boun_navg: 62.440945
boun_nmax: 249
boun_nnzmin: 4
boun_nnzavg: 91.881890
boun_nnzmax: 426
decom_cmin: 1
decom_cavg: 27.456693
decom_cmax: 72
decom_nmin: 4
decom_navg: 49.307087
decom_nmax: 141
decom_nnzmin: 4
decom_nnzavg: 68.858268
decom_nnzmax: 249
totreplwgt: 290660
minpartwgt: 222644
avgpartwgt: 229368.031250
maxpartwgt: 239092
fincut: 0
finimbal: 0.042395
