inicut: 298092
iniimbal: 0.062517
replr: 0.100000
maxreplwgt: 9227
boun_cmin: 9
boun_cavg: 335.775362
boun_cmax: 6739
boun_nmin: 1
boun_navg: 441.043478
boun_nmax: 14686
boun_nnzmin: 9
boun_nnzavg: 2087.449275
boun_nnzmax: 29919
decom_cmin: 9
decom_cavg: 94.746377
decom_cmax: 151
decom_nmin: 1
decom_navg: 79.442029
decom_nmax: 151
decom_nnzmin: 9
decom_nnzavg: 159.688406
decom_nnzmax: 1579
totreplwgt: 9097
minpartwgt: 396
avgpartwgt: 396.000000
maxpartwgt: 396
fincut: 295613
finimbal: 0.000000
