inicut: 72240
iniimbal: 0.105523
replr: 0.100000
maxreplwgt: 1099746
boun_cmin: 1
boun_cavg: 20.536170
boun_cmax: 86
boun_nmin: 1
boun_navg: 44.485106
boun_nmax: 187
boun_nnzmin: 1
boun_nnzavg: 67.076596
boun_nnzmax: 325
decom_cmin: 1
decom_cavg: 18.600000
decom_cmax: 59
decom_nmin: 1
decom_navg: 39.148936
decom_nmax: 135
decom_nnzmin: 1
decom_nnzavg: 56.693617
decom_nnzmax: 227
totreplwgt: 1096996
minpartwgt: 47228
avgpartwgt: 47244.000000
maxpartwgt: 47492
fincut: 224
finimbal: 0.005249
