inicut: 71904
iniimbal: 0.055314
replr: 0.010000
maxreplwgt: 275320
boun_cmin: 1
boun_cavg: 24.073684
boun_cmax: 98
boun_nmin: 1
boun_navg: 48.017544
boun_nmax: 188
boun_nnzmin: 1
boun_nnzavg: 70.859649
boun_nnzmax: 343
decom_cmin: 1
decom_cavg: 18.989474
decom_cmax: 58
decom_nmin: 1
decom_navg: 34.098246
decom_nmax: 107
decom_nnzmin: 1
decom_nnzavg: 45.743860
decom_nnzmax: 154
totreplwgt: 275308
minpartwgt: 104232
avgpartwgt: 108622.531250
maxpartwgt: 113496
fincut: 0
finimbal: 0.044866
