inicut: 72240
iniimbal: 0.105523
replr: 0.010000
maxreplwgt: 109974
boun_cmin: 1
boun_cavg: 24.664865
boun_cmax: 89
boun_nmin: 3
boun_navg: 50.670270
boun_nmax: 195
boun_nnzmin: 3
boun_nnzavg: 77.513514
boun_nnzmax: 333
decom_cmin: 1
decom_cavg: 14.756757
decom_cmax: 33
decom_nmin: 3
decom_navg: 20.659459
decom_nmax: 74
decom_nnzmin: 3
decom_nnzavg: 22.681081
decom_nnzmax: 99
totreplwgt: 109968
minpartwgt: 37404
avgpartwgt: 43388.421875
maxpartwgt: 47492
fincut: 41068
finimbal: 0.094578
