inicut: 46231
iniimbal: 0.049589
replr: 0.010000
maxreplwgt: 155426
boun_cmin: 1
boun_cavg: 29.137681
boun_cmax: 67
boun_nmin: 2
boun_navg: 61.282609
boun_nmax: 156
boun_nnzmin: 2
boun_nnzavg: 87.463768
boun_nnzmax: 219
decom_cmin: 1
decom_cavg: 22.543478
decom_cmax: 56
decom_nmin: 2
decom_navg: 38.884058
decom_nmax: 119
decom_nnzmin: 2
decom_nnzavg: 50.318841
decom_nnzmax: 172
totreplwgt: 155424
minpartwgt: 115944
avgpartwgt: 122640.875000
maxpartwgt: 127448
fincut: 1502
finimbal: 0.039197
