inicut: 44470
iniimbal: 0.926828
replr: 0.100000
maxreplwgt: 120690
boun_cmin: 1
boun_cavg: 12.928767
boun_cmax: 48
boun_nmin: 1
boun_navg: 31.369863
boun_nmax: 103
boun_nnzmin: 1
boun_nnzavg: 47.986301
boun_nnzmax: 207
decom_cmin: 1
decom_cavg: 6.747945
decom_cmax: 25
decom_nmin: 1
decom_navg: 11.268493
decom_nmax: 69
decom_nnzmin: 1
decom_nnzavg: 13.413699
decom_nnzmax: 108
totreplwgt: 120680
minpartwgt: 0
avgpartwgt: 5185.890625
maxpartwgt: 9084
fincut: 6406
finimbal: 0.751676
