inicut: 20877
iniimbal: 0.067450
replr: 0.010000
maxreplwgt: 7568
boun_cmin: 1
boun_cavg: 18.369863
boun_cmax: 37
boun_nmin: 3
boun_navg: 43.630137
boun_nmax: 100
boun_nnzmin: 3
boun_nnzavg: 62.328767
boun_nnzmax: 165
decom_cmin: 1
decom_cavg: 11.547945
decom_cmax: 12
decom_nmin: 3
decom_navg: 11.945205
decom_nmax: 20
decom_nnzmin: 2
decom_nnzavg: 7.232877
decom_nnzmax: 20
totreplwgt: 7564
minpartwgt: 5660
avgpartwgt: 5972.250000
maxpartwgt: 6312
fincut: 18731
finimbal: 0.056888
