inicut: 45089
iniimbal: 0.070373
replr: 0.010000
maxreplwgt: 109974
boun_cmin: 2
boun_cavg: 28.368852
boun_cmax: 85
boun_nmin: 2
boun_navg: 60.516393
boun_nmax: 191
boun_nnzmin: 4
boun_nnzavg: 91.229508
boun_nnzmax: 320
decom_cmin: 2
decom_cavg: 18.909836
decom_cmax: 48
decom_nmin: 2
decom_navg: 31.270492
decom_nmax: 122
decom_nnzmin: 4
decom_nnzavg: 38.385246
decom_nnzmax: 165
totreplwgt: 109948
minpartwgt: 81892
avgpartwgt: 86776.687500
maxpartwgt: 91964
fincut: 13539
finimbal: 0.059778
