inicut: 20877
iniimbal: 0.067450
replr: 0.100000
maxreplwgt: 75688
boun_cmin: 2
boun_cavg: 18.238095
boun_cmax: 39
boun_nmin: 4
boun_navg: 44.333333
boun_nmax: 99
boun_nnzmin: 8
boun_nnzavg: 69.952381
boun_nnzmax: 163
decom_cmin: 2
decom_cavg: 9.476190
decom_cmax: 12
decom_nmin: 4
decom_navg: 11.595238
decom_nmax: 30
decom_nnzmin: 3
decom_nnzavg: 10.865079
decom_nnzmax: 40
totreplwgt: 74028
minpartwgt: 6480
avgpartwgt: 6491.500000
maxpartwgt: 6504
fincut: 6683
finimbal: 0.001926
