inicut: 71904
iniimbal: 0.055314
replr: 0.010000
maxreplwgt: 275320
boun_cmin: 1
boun_cavg: 24.173145
boun_cmax: 93
boun_nmin: 2
boun_navg: 48.229682
boun_nmax: 182
boun_nnzmin: 2
boun_nnzavg: 71.123675
boun_nnzmax: 328
decom_cmin: 1
decom_cavg: 19.063604
decom_cmax: 63
decom_nmin: 2
decom_navg: 34.038869
decom_nmax: 134
decom_nnzmin: 2
decom_nnzavg: 45.618375
decom_nnzmax: 211
totreplwgt: 275312
minpartwgt: 104232
avgpartwgt: 108622.546875
maxpartwgt: 113496
fincut: 28
finimbal: 0.044866
