inicut: 71645
iniimbal: 0.065071
replr: 0.010000
maxreplwgt: 155426
boun_cmin: 1
boun_cavg: 26.471204
boun_cmax: 67
boun_nmin: 4
boun_navg: 54.450262
boun_nmax: 131
boun_nnzmin: 4
boun_nnzavg: 78.366492
boun_nnzmax: 210
decom_cmin: 1
decom_cavg: 17.198953
decom_cmax: 52
decom_nmin: 4
decom_navg: 25.607330
decom_nmax: 100
decom_nnzmin: 4
decom_nnzavg: 29.497382
decom_nnzmax: 159
totreplwgt: 155420
minpartwgt: 58632
avgpartwgt: 61320.421875
maxpartwgt: 64664
fincut: 27021
finimbal: 0.054526
