inicut: 71645
iniimbal: 0.065071
replr: 0.010000
maxreplwgt: 155426
boun_cmin: 1
boun_cavg: 26.446809
boun_cmax: 69
boun_nmin: 2
boun_navg: 54.287234
boun_nmax: 133
boun_nnzmin: 2
boun_nnzavg: 78.180851
boun_nnzmax: 211
decom_cmin: 1
decom_cavg: 17.606383
decom_cmax: 57
decom_nmin: 2
decom_navg: 26.218085
decom_nmax: 108
decom_nnzmin: 2
decom_nnzavg: 30.622340
decom_nnzmax: 173
totreplwgt: 155404
minpartwgt: 58484
avgpartwgt: 61320.359375
maxpartwgt: 64664
fincut: 27689
finimbal: 0.054527
