inicut: 44470
iniimbal: 0.926828
replr: 0.100000
maxreplwgt: 120690
boun_cmin: 1
boun_cavg: 12.699732
boun_cmax: 42
boun_nmin: 1
boun_navg: 30.753351
boun_nmax: 107
boun_nnzmin: 1
boun_nnzavg: 47.018767
boun_nnzmax: 180
decom_cmin: 1
decom_cavg: 6.493298
decom_cmax: 24
decom_nmin: 1
decom_navg: 10.546917
decom_nmax: 67
decom_nnzmin: 1
decom_nnzavg: 12.278820
decom_nnzmax: 91
totreplwgt: 120676
minpartwgt: 28
avgpartwgt: 5185.875000
maxpartwgt: 9084
fincut: 6206
finimbal: 0.751681
