inicut: 50172
iniimbal: 0.052818
replr: 0.010000
maxreplwgt: 290684
boun_cmin: 1
boun_cavg: 31.320312
boun_cmax: 112
boun_nmin: 2
boun_navg: 61.546875
boun_nmax: 234
boun_nnzmin: 4
boun_nnzavg: 90.281250
boun_nnzmax: 395
decom_cmin: 1
decom_cavg: 27.289062
decom_cmax: 80
decom_nmin: 2
decom_navg: 48.781250
decom_nmax: 156
decom_nnzmin: 4
decom_nnzavg: 67.945312
decom_nnzmax: 277
totreplwgt: 290668
minpartwgt: 222644
avgpartwgt: 229368.093750
maxpartwgt: 239092
fincut: 0
finimbal: 0.042394
