inicut: 71904
iniimbal: 0.055314
replr: 0.010000
maxreplwgt: 275320
boun_cmin: 1
boun_cavg: 24.285714
boun_cmax: 96
boun_nmin: 2
boun_navg: 48.464286
boun_nmax: 186
boun_nnzmin: 2
boun_nnzavg: 71.467857
boun_nnzmax: 338
decom_cmin: 1
decom_cavg: 19.292857
decom_cmax: 58
decom_nmin: 2
decom_navg: 34.639286
decom_nmax: 122
decom_nnzmin: 2
decom_nnzavg: 46.632143
decom_nnzmax: 189
totreplwgt: 275316
minpartwgt: 104232
avgpartwgt: 108622.562500
maxpartwgt: 113496
fincut: 0
finimbal: 0.044866
