inicut: 77832
iniimbal: 0.046072
replr: 0.100000
maxreplwgt: 2906844
boun_cmin: 1
boun_cavg: 26.953271
boun_cmax: 101
boun_nmin: 3
boun_navg: 50.383178
boun_nmax: 193
boun_nnzmin: 3
boun_nnzavg: 77.738318
boun_nnzmax: 353
decom_cmin: 1
decom_cavg: 26.953271
decom_cmax: 101
decom_nmin: 3
decom_navg: 50.383178
decom_nmax: 193
decom_nnzmin: 3
decom_nnzavg: 77.738318
decom_nnzmax: 353
totreplwgt: 2902880
minpartwgt: 124876
avgpartwgt: 124888.000000
maxpartwgt: 124900
fincut: 0
finimbal: 0.000096
