inicut: 298092
iniimbal: 0.062517
replr: 0.100000
maxreplwgt: 9227
boun_cmin: 8
boun_cavg: 334.402878
boun_cmax: 6739
boun_nmin: 1
boun_navg: 439.712230
boun_nmax: 14686
boun_nnzmin: 8
boun_nnzavg: 2076.618705
boun_nnzmax: 29909
decom_cmin: 8
decom_cavg: 93.870504
decom_cmax: 151
decom_nmin: 1
decom_navg: 79.568345
decom_nmax: 151
decom_nnzmin: 8
decom_nnzavg: 158.122302
decom_nnzmax: 1512
totreplwgt: 9097
minpartwgt: 396
avgpartwgt: 396.000000
maxpartwgt: 396
fincut: 295604
finimbal: 0.000000
