inicut: 72240
iniimbal: 0.105523
replr: 0.010000
maxreplwgt: 109974
boun_cmin: 1
boun_cavg: 24.449198
boun_cmax: 89
boun_nmin: 1
boun_navg: 50.048128
boun_nmax: 195
boun_nnzmin: 1
boun_nnzavg: 76.598930
boun_nnzmax: 333
decom_cmin: 1
decom_cavg: 14.754011
decom_cmax: 28
decom_nmin: 1
decom_navg: 20.433155
decom_nmax: 62
decom_nnzmin: 1
decom_nnzavg: 22.213904
decom_nnzmax: 98
totreplwgt: 109956
minpartwgt: 37404
avgpartwgt: 43388.375000
maxpartwgt: 47492
fincut: 41505
finimbal: 0.094579
