inicut: 1468648
iniimbal: 0.048629
replr: 0.200000
maxreplwgt: 270152
