inicut: 71904
iniimbal: 0.055314
replr: 0.010000
maxreplwgt: 275320
boun_cmin: 1
boun_cavg: 23.769231
boun_cmax: 91
boun_nmin: 2
boun_navg: 47.454545
boun_nmax: 178
boun_nnzmin: 2
boun_nnzavg: 69.807692
boun_nnzmax: 316
decom_cmin: 1
decom_cavg: 19.055944
decom_cmax: 58
decom_nmin: 2
decom_navg: 34.314685
decom_nmax: 124
decom_nnzmin: 2
decom_nnzavg: 46.185315
decom_nnzmax: 196
totreplwgt: 275316
minpartwgt: 104376
avgpartwgt: 108622.562500
maxpartwgt: 113496
fincut: 0
finimbal: 0.044866
