inicut: 24328
iniimbal: 0.081502
replr: 0.010000
maxreplwgt: 2528
boun_cmin: 1
boun_cavg: 5.500000
boun_cmax: 10
boun_nmin: 2
boun_navg: 14.712500
boun_nmax: 31
boun_nnzmin: 2
boun_nnzavg: 15.187500
boun_nnzmax: 31
decom_cmin: 1
decom_cavg: 3.875000
decom_cmax: 4
decom_nmin: 2
decom_navg: 3.912500
decom_nmax: 4
decom_nnzmin: 1
decom_nnzavg: 2.275000
decom_nnzmax: 4
totreplwgt: 2516
minpartwgt: 936
avgpartwgt: 997.343750
maxpartwgt: 1068
fincut: 23362
finimbal: 0.070844
