inicut: 46231
iniimbal: 0.049589
replr: 0.010000
maxreplwgt: 155426
boun_cmin: 2
boun_cavg: 29.323529
boun_cmax: 80
boun_nmin: 2
boun_navg: 61.786765
boun_nmax: 183
boun_nnzmin: 4
boun_nnzavg: 88.257353
boun_nnzmax: 266
decom_cmin: 2
decom_cavg: 22.808824
decom_cmax: 56
decom_nmin: 2
decom_navg: 39.727941
decom_nmax: 119
decom_nnzmin: 4
decom_nnzavg: 52.036765
decom_nnzmax: 172
totreplwgt: 155424
minpartwgt: 115944
avgpartwgt: 122640.875000
maxpartwgt: 127448
fincut: 1456
finimbal: 0.039197
