inicut: 59526
iniimbal: 0.061243
replr: 0.010000
maxreplwgt: 319369
boun_cmin: 2
boun_cavg: 31.720000
boun_cmax: 105
boun_nmin: 3
boun_navg: 60.696000
boun_nmax: 185
boun_nnzmin: 4
boun_nnzavg: 92.624000
boun_nnzmax: 341
decom_cmin: 2
decom_cavg: 24.832000
decom_cmax: 75
decom_nmin: 3
decom_navg: 43.576000
decom_nmax: 145
decom_nnzmin: 4
decom_nnzavg: 60.832000
decom_nnzmax: 220
totreplwgt: 319364
minpartwgt: 244328
avgpartwgt: 252002.375000
maxpartwgt: 264788
fincut: 53
finimbal: 0.050736
