inicut: 77832
iniimbal: 0.046072
replr: 0.010000
maxreplwgt: 290684
boun_cmin: 1
boun_cavg: 27.166667
boun_cmax: 101
boun_nmin: 2
boun_navg: 53.631206
boun_nmax: 228
boun_nnzmin: 2
boun_nnzavg: 79.070922
boun_nnzmax: 398
decom_cmin: 1
decom_cavg: 20.003546
decom_cmax: 63
decom_nmin: 2
decom_navg: 33.705674
decom_nmax: 137
decom_nnzmin: 2
decom_nnzavg: 44.078014
decom_nnzmax: 253
totreplwgt: 290660
minpartwgt: 109988
avgpartwgt: 114684.015625
maxpartwgt: 118780
fincut: 0
finimbal: 0.035715
