inicut: 298092
iniimbal: 0.062517
replr: 0.100000
maxreplwgt: 9227
boun_cmin: 8
boun_cavg: 328.851064
boun_cmax: 6739
boun_nmin: 1
boun_navg: 431.737589
boun_nmax: 14686
boun_nnzmin: 8
boun_nnzavg: 2042.921986
boun_nnzmax: 29919
decom_cmin: 8
decom_cavg: 93.758865
decom_cmax: 151
decom_nmin: 1
decom_navg: 78.113475
decom_nmax: 151
decom_nnzmin: 8
decom_nnzavg: 158.375887
decom_nnzmax: 1469
totreplwgt: 9097
minpartwgt: 396
avgpartwgt: 396.000000
maxpartwgt: 396
fincut: 295573
finimbal: 0.000000
