inicut: 50172
iniimbal: 0.052818
replr: 0.010000
maxreplwgt: 290684
boun_cmin: 1
boun_cavg: 31.260163
boun_cmax: 102
boun_nmin: 1
boun_navg: 61.951220
boun_nmax: 211
boun_nnzmin: 1
boun_nnzavg: 90.300813
boun_nnzmax: 356
decom_cmin: 1
decom_cavg: 31.260163
decom_cmax: 102
decom_nmin: 1
decom_navg: 52.991870
decom_nmax: 141
decom_nnzmin: 1
decom_nnzavg: 73.113821
decom_nnzmax: 256
totreplwgt: 290684
minpartwgt: 222796
avgpartwgt: 229368.218750
maxpartwgt: 239092
fincut: 0
finimbal: 0.042394
