inicut: 50172
iniimbal: 0.052818
replr: 0.010000
maxreplwgt: 290684
boun_cmin: 2
boun_cavg: 32.290323
boun_cmax: 119
boun_nmin: 5
boun_navg: 63.612903
boun_nmax: 237
boun_nnzmin: 5
boun_nnzavg: 92.991935
boun_nnzmax: 406
decom_cmin: 2
decom_cavg: 27.935484
decom_cmax: 74
decom_nmin: 5
decom_navg: 50.258065
decom_nmax: 153
decom_nnzmin: 5
decom_nnzavg: 69.524194
decom_nnzmax: 249
totreplwgt: 290676
minpartwgt: 222764
avgpartwgt: 229368.156250
maxpartwgt: 239092
fincut: 0
finimbal: 0.042394
