inicut: 71904
iniimbal: 0.055314
replr: 0.010000
maxreplwgt: 275320
boun_cmin: 1
boun_cavg: 23.898246
boun_cmax: 98
boun_nmin: 2
boun_navg: 47.673684
boun_nmax: 189
boun_nnzmin: 2
boun_nnzavg: 70.087719
boun_nnzmax: 344
decom_cmin: 1
decom_cavg: 18.947368
decom_cmax: 60
decom_nmin: 2
decom_navg: 33.887719
decom_nmax: 133
decom_nnzmin: 2
decom_nnzavg: 45.238596
decom_nnzmax: 203
totreplwgt: 275304
minpartwgt: 104376
avgpartwgt: 108622.515625
maxpartwgt: 113496
fincut: 194
finimbal: 0.044866
