inicut: 71904
iniimbal: 0.055314
replr: 0.010000
maxreplwgt: 275320
boun_cmin: 1
boun_cavg: 24.066901
boun_cmax: 94
boun_nmin: 2
boun_navg: 48.066901
boun_nmax: 187
boun_nnzmin: 2
boun_nnzavg: 70.686620
boun_nnzmax: 333
decom_cmin: 1
decom_cavg: 19.010563
decom_cmax: 61
decom_nmin: 2
decom_navg: 33.982394
decom_nmax: 130
decom_nnzmin: 2
decom_nnzavg: 45.299296
decom_nnzmax: 208
totreplwgt: 275316
minpartwgt: 104232
avgpartwgt: 108622.562500
maxpartwgt: 113496
fincut: 27
finimbal: 0.044866
