inicut: 45089
iniimbal: 0.070373
replr: 0.010000
maxreplwgt: 109974
boun_cmin: 1
boun_cavg: 26.906977
boun_cmax: 94
boun_nmin: 2
boun_navg: 57.387597
boun_nmax: 191
boun_nnzmin: 3
boun_nnzavg: 86.488372
boun_nnzmax: 345
decom_cmin: 1
decom_cavg: 17.674419
decom_cmax: 44
decom_nmin: 2
decom_navg: 28.612403
decom_nmax: 102
decom_nnzmin: 3
decom_nnzavg: 35.387597
decom_nnzmax: 143
totreplwgt: 109960
minpartwgt: 81788
avgpartwgt: 86776.781250
maxpartwgt: 91964
fincut: 13888
finimbal: 0.059777
