inicut: 35246
iniimbal: 0.045804
replr: 0.100000
maxreplwgt: 75688
boun_cmin: 4
boun_cavg: 16.980469
boun_cmax: 34
boun_nmin: 7
boun_navg: 40.644531
boun_nmax: 81
boun_nnzmin: 13
boun_nnzavg: 64.242188
boun_nnzmax: 143
decom_cmin: 4
decom_cavg: 8.851562
decom_cmax: 9
decom_nmin: 7
decom_navg: 9.199219
decom_nmax: 21
decom_nnzmin: 2
decom_nnzavg: 6.652344
decom_nnzmax: 24
totreplwgt: 73048
minpartwgt: 3228
avgpartwgt: 3241.921875
maxpartwgt: 3252
fincut: 22865
finimbal: 0.003109
