inicut: 35246
iniimbal: 0.045804
replr: 0.100000
maxreplwgt: 75688
boun_cmin: 1
boun_cavg: 16.742188
boun_cmax: 33
boun_nmin: 3
boun_navg: 40.128906
boun_nmax: 79
boun_nnzmin: 3
boun_nnzavg: 63.222656
boun_nnzmax: 143
decom_cmin: 1
decom_cavg: 8.839844
decom_cmax: 9
decom_nmin: 3
decom_navg: 9.148438
decom_nmax: 21
decom_nnzmin: 2
decom_nnzavg: 6.390625
decom_nnzmax: 24
totreplwgt: 72892
minpartwgt: 3228
avgpartwgt: 3241.312500
maxpartwgt: 3252
fincut: 22274
finimbal: 0.003297
