inicut: 77832
iniimbal: 0.046072
replr: 0.010000
maxreplwgt: 290684
boun_cmin: 1
boun_cavg: 26.717770
boun_cmax: 99
boun_nmin: 2
boun_navg: 52.655052
boun_nmax: 221
boun_nnzmin: 2
boun_nnzavg: 77.853659
boun_nnzmax: 384
decom_cmin: 1
decom_cavg: 19.871080
decom_cmax: 60
decom_nmin: 2
decom_navg: 33.362369
decom_nmax: 133
decom_nnzmin: 2
decom_nnzavg: 44.031359
decom_nnzmax: 245
totreplwgt: 290680
minpartwgt: 109988
avgpartwgt: 114684.093750
maxpartwgt: 118780
fincut: 0
finimbal: 0.035715
