inicut: 20877
iniimbal: 0.067450
replr: 0.100000
maxreplwgt: 75688
boun_cmin: 1
boun_cavg: 18.157480
boun_cmax: 39
boun_nmin: 2
boun_navg: 44.007874
boun_nmax: 99
boun_nnzmin: 2
boun_nnzavg: 69.338583
boun_nnzmax: 163
decom_cmin: 1
decom_cavg: 9.543307
decom_cmax: 15
decom_nmin: 2
decom_navg: 11.622047
decom_nmax: 35
decom_nnzmin: 2
decom_nnzavg: 10.992126
decom_nnzmax: 50
totreplwgt: 73996
minpartwgt: 6480
avgpartwgt: 6491.250000
maxpartwgt: 6504
fincut: 6670
finimbal: 0.001964
