inicut: 24328
iniimbal: 0.081502
replr: 0.010000
maxreplwgt: 2528
boun_cmin: 1
boun_cavg: 5.373333
boun_cmax: 9
boun_nmin: 2
boun_navg: 14.306667
boun_nmax: 31
boun_nnzmin: 2
boun_nnzavg: 14.640000
boun_nnzmax: 31
decom_cmin: 1
decom_cavg: 3.826667
decom_cmax: 4
decom_nmin: 2
decom_navg: 3.880000
decom_nmax: 4
decom_nnzmin: 1
decom_nnzavg: 2.280000
decom_nnzmax: 4
totreplwgt: 2524
minpartwgt: 932
avgpartwgt: 997.375000
maxpartwgt: 1068
fincut: 23222
finimbal: 0.070811
