inicut: 27834
iniimbal: 0.243402
replr: 0.010000
maxreplwgt: 12069
boun_cmin: 5
boun_cavg: 15.818182
boun_cmax: 33
boun_nmin: 17
boun_navg: 40.113636
boun_nmax: 88
boun_nnzmin: 17
boun_nnzavg: 54.022727
boun_nnzmax: 132
decom_cmin: 5
decom_cavg: 15.818182
decom_cmax: 33
decom_nmin: 8
decom_navg: 18.568182
decom_nmax: 47
decom_nnzmin: 10
decom_nnzavg: 20.977273
decom_nnzmax: 70
totreplwgt: 12048
minpartwgt: 7448
avgpartwgt: 9523.093750
maxpartwgt: 11724
fincut: 22373
finimbal: 0.231113
