inicut: 71645
iniimbal: 0.065071
replr: 0.010000
maxreplwgt: 155426
boun_cmin: 1
boun_cavg: 26.412698
boun_cmax: 65
boun_nmin: 2
boun_navg: 54.338624
boun_nmax: 133
boun_nnzmin: 2
boun_nnzavg: 78.021164
boun_nnzmax: 211
decom_cmin: 1
decom_cavg: 17.476190
decom_cmax: 55
decom_nmin: 2
decom_navg: 26.460317
decom_nmax: 117
decom_nnzmin: 2
decom_nnzavg: 31.079365
decom_nnzmax: 167
totreplwgt: 155404
minpartwgt: 58560
avgpartwgt: 61320.359375
maxpartwgt: 64664
fincut: 27174
finimbal: 0.054527
