inicut: 46231
iniimbal: 0.049589
replr: 0.010000
maxreplwgt: 155426
boun_cmin: 1
boun_cavg: 29.043796
boun_cmax: 80
boun_nmin: 3
boun_navg: 61.306569
boun_nmax: 183
boun_nnzmin: 3
boun_nnzavg: 87.335766
boun_nnzmax: 266
decom_cmin: 1
decom_cavg: 22.781022
decom_cmax: 56
decom_nmin: 3
decom_navg: 40.109489
decom_nmax: 119
decom_nnzmin: 3
decom_nnzavg: 52.817518
decom_nnzmax: 172
totreplwgt: 155420
minpartwgt: 115916
avgpartwgt: 122640.843750
maxpartwgt: 127448
fincut: 1455
finimbal: 0.039197
