inicut: 77832
iniimbal: 0.046072
replr: 0.010000
maxreplwgt: 290684
boun_cmin: 1
boun_cavg: 26.519031
boun_cmax: 101
boun_nmin: 1
boun_navg: 52.297578
boun_nmax: 228
boun_nnzmin: 1
boun_nnzavg: 77.224913
boun_nnzmax: 398
decom_cmin: 1
decom_cavg: 19.615917
decom_cmax: 72
decom_nmin: 1
decom_navg: 32.965398
decom_nmax: 142
decom_nnzmin: 1
decom_nnzavg: 43.235294
decom_nnzmax: 245
totreplwgt: 290680
minpartwgt: 109992
avgpartwgt: 114684.093750
maxpartwgt: 118780
fincut: 0
finimbal: 0.035715
