inicut: 59526
iniimbal: 0.061243
replr: 0.100000
maxreplwgt: 3193694
boun_cmin: 1
boun_cavg: 33.380952
boun_cmax: 106
boun_nmin: 2
boun_navg: 62.819048
boun_nmax: 193
boun_nnzmin: 2
boun_nnzavg: 96.628571
boun_nnzmax: 331
decom_cmin: 1
decom_cavg: 33.380952
decom_cmax: 106
decom_nmin: 2
decom_navg: 62.819048
decom_nmax: 193
decom_nnzmin: 2
decom_nnzavg: 96.628571
decom_nnzmax: 331
totreplwgt: 3191924
minpartwgt: 274432
avgpartwgt: 274444.250000
maxpartwgt: 274456
fincut: 0
finimbal: 0.000043
