inicut: 66437
iniimbal: 0.385393
replr: 0.010000
maxreplwgt: 24657
boun_cmin: 2
boun_cavg: 20.905063
boun_cmax: 52
boun_nmin: 4
boun_navg: 45.518987
boun_nmax: 125
boun_nnzmin: 4
boun_nnzavg: 73.031646
boun_nnzmax: 228
decom_cmin: 2
decom_cavg: 11.310127
decom_cmax: 12
decom_nmin: 4
decom_navg: 12.031646
decom_nmax: 30
decom_nnzmin: 2
decom_nnzavg: 8.177215
decom_nnzmax: 36
totreplwgt: 24656
minpartwgt: 5476
avgpartwgt: 9728.234375
maxpartwgt: 13344
fincut: 55890
finimbal: 0.371677
