inicut: 77832
iniimbal: 0.046072
replr: 0.010000
maxreplwgt: 290684
boun_cmin: 1
boun_cavg: 26.685315
boun_cmax: 101
boun_nmin: 2
boun_navg: 52.538462
boun_nmax: 228
boun_nnzmin: 2
boun_nnzavg: 77.793706
boun_nnzmax: 398
decom_cmin: 1
decom_cavg: 20.034965
decom_cmax: 64
decom_nmin: 2
decom_navg: 33.902098
decom_nmax: 133
decom_nnzmin: 2
decom_nnzavg: 45.125874
decom_nnzmax: 245
totreplwgt: 290668
minpartwgt: 109988
avgpartwgt: 114684.046875
maxpartwgt: 118780
fincut: 0
finimbal: 0.035715
