inicut: 59526
iniimbal: 0.061243
replr: 0.010000
maxreplwgt: 319369
boun_cmin: 2
boun_cavg: 31.637097
boun_cmax: 95
boun_nmin: 4
boun_navg: 60.475806
boun_nmax: 175
boun_nnzmin: 6
boun_nnzavg: 92.048387
boun_nnzmax: 305
decom_cmin: 2
decom_cavg: 25.266129
decom_cmax: 95
decom_nmin: 4
decom_navg: 44.274194
decom_nmax: 175
decom_nnzmin: 6
decom_nnzavg: 61.241935
decom_nnzmax: 284
totreplwgt: 319368
minpartwgt: 244328
avgpartwgt: 252002.406250
maxpartwgt: 264788
fincut: 0
finimbal: 0.050736
