inicut: 71904
iniimbal: 0.055314
replr: 0.010000
maxreplwgt: 275320
boun_cmin: 1
boun_cavg: 24.056537
boun_cmax: 90
boun_nmin: 2
boun_navg: 48.017668
boun_nmax: 179
boun_nnzmin: 2
boun_nnzavg: 70.727915
boun_nnzmax: 318
decom_cmin: 1
decom_cavg: 18.939929
decom_cmax: 58
decom_nmin: 2
decom_navg: 33.752650
decom_nmax: 107
decom_nnzmin: 2
decom_nnzavg: 45.017668
decom_nnzmax: 154
totreplwgt: 275296
minpartwgt: 104376
avgpartwgt: 108622.484375
maxpartwgt: 113496
fincut: 195
finimbal: 0.044867
