inicut: 35246
iniimbal: 0.045804
replr: 0.100000
maxreplwgt: 75688
boun_cmin: 1
boun_cavg: 16.937500
boun_cmax: 36
boun_nmin: 3
boun_navg: 40.367188
boun_nmax: 86
boun_nnzmin: 3
boun_nnzavg: 64.035156
boun_nnzmax: 150
decom_cmin: 1
decom_cavg: 8.851562
decom_cmax: 9
decom_nmin: 3
decom_navg: 9.152344
decom_nmax: 21
decom_nnzmin: 2
decom_nnzavg: 6.558594
decom_nnzmax: 24
totreplwgt: 72924
minpartwgt: 3228
avgpartwgt: 3241.437500
maxpartwgt: 3252
fincut: 22776
finimbal: 0.003259
