inicut: 15993
iniimbal: 9.479740
replr: 0.010000
maxreplwgt: 23124
boun_cmin: 1
boun_cavg: 172.727273
boun_cmax: 850
boun_nmin: 1
boun_navg: 91.659091
boun_nmax: 505
boun_nnzmin: 1
boun_nnzavg: 266.670455
boun_nnzmax: 1375
decom_cmin: 1
decom_cavg: 53.181818
decom_cmax: 132
decom_nmin: 1
decom_navg: 49.522727
decom_nmax: 90
decom_nnzmin: 1
decom_nnzavg: 122.670455
decom_nnzmax: 1375
totreplwgt: 23124
minpartwgt: 11
avgpartwgt: 18247.039062
maxpartwgt: 189331
fincut: 14940
finimbal: 9.375985
