inicut: 50172
iniimbal: 0.052818
replr: 0.010000
maxreplwgt: 290684
boun_cmin: 2
boun_cavg: 31.571429
boun_cmax: 122
boun_nmin: 5
boun_navg: 62.492063
boun_nmax: 254
boun_nnzmin: 5
boun_nnzavg: 91.412698
boun_nnzmax: 424
decom_cmin: 2
decom_cavg: 27.412698
decom_cmax: 73
decom_nmin: 5
decom_navg: 49.460317
decom_nmax: 142
decom_nnzmin: 5
decom_nnzavg: 68.420635
decom_nnzmax: 247
totreplwgt: 290660
minpartwgt: 222764
avgpartwgt: 229368.031250
maxpartwgt: 239092
fincut: 0
finimbal: 0.042395
