inicut: 35246
iniimbal: 0.045804
replr: 0.100000
maxreplwgt: 75688
boun_cmin: 4
boun_cavg: 17.046875
boun_cmax: 34
boun_nmin: 10
boun_navg: 40.773438
boun_nmax: 83
boun_nnzmin: 13
boun_nnzavg: 64.453125
boun_nnzmax: 147
decom_cmin: 4
decom_cavg: 8.851562
decom_cmax: 9
decom_nmin: 9
decom_navg: 9.226562
decom_nmax: 21
decom_nnzmin: 2
decom_nnzavg: 6.710938
decom_nnzmax: 25
totreplwgt: 72772
minpartwgt: 3228
avgpartwgt: 3240.843750
maxpartwgt: 3252
fincut: 23042
finimbal: 0.003442
