inicut: 71645
iniimbal: 0.065071
replr: 0.010000
maxreplwgt: 155426
boun_cmin: 1
boun_cavg: 26.130208
boun_cmax: 67
boun_nmin: 1
boun_navg: 53.447917
boun_nmax: 138
boun_nnzmin: 1
boun_nnzavg: 77.213542
boun_nnzmax: 216
decom_cmin: 1
decom_cavg: 17.348958
decom_cmax: 56
decom_nmin: 1
decom_navg: 26.031250
decom_nmax: 112
decom_nnzmin: 1
decom_nnzavg: 30.578125
decom_nnzmax: 170
totreplwgt: 155404
minpartwgt: 58632
avgpartwgt: 61320.359375
maxpartwgt: 64664
fincut: 27436
finimbal: 0.054527
