inicut: 27834
iniimbal: 0.243402
replr: 0.010000
maxreplwgt: 12069
boun_cmin: 4
boun_cavg: 16.750000
boun_cmax: 41
boun_nmin: 9
boun_navg: 41.339286
boun_nmax: 103
boun_nnzmin: 12
boun_nnzavg: 57.321429
boun_nnzmax: 174
decom_cmin: 4
decom_cavg: 11.125000
decom_cmax: 20
decom_nmin: 9
decom_navg: 12.714286
decom_nmax: 47
decom_nnzmin: 3
decom_nnzavg: 9.660714
decom_nnzmax: 70
totreplwgt: 12056
minpartwgt: 7648
avgpartwgt: 9523.156250
maxpartwgt: 11724
fincut: 23705
finimbal: 0.231104
