inicut: 45089
iniimbal: 0.070373
replr: 0.010000
maxreplwgt: 109974
boun_cmin: 1
boun_cavg: 26.795276
boun_cmax: 83
boun_nmin: 2
boun_navg: 57.897638
boun_nmax: 189
boun_nnzmin: 2
boun_nnzavg: 86.677165
boun_nnzmax: 307
decom_cmin: 1
decom_cavg: 26.795276
decom_cmax: 83
decom_nmin: 2
decom_navg: 39.000000
decom_nmax: 122
decom_nnzmin: 2
decom_nnzavg: 49.503937
decom_nnzmax: 165
totreplwgt: 109968
minpartwgt: 81788
avgpartwgt: 86776.843750
maxpartwgt: 91964
fincut: 10327
finimbal: 0.059776
