inicut: 71645
iniimbal: 0.065071
replr: 0.100000
maxreplwgt: 1554260
boun_cmin: 1
boun_cavg: 20.730088
boun_cmax: 61
boun_nmin: 2
boun_navg: 44.960177
boun_nmax: 125
boun_nnzmin: 2
boun_nnzavg: 61.336283
boun_nnzmax: 203
decom_cmin: 1
decom_cavg: 20.561947
decom_cmax: 61
decom_nmin: 2
decom_navg: 44.508850
decom_nmax: 125
decom_nnzmin: 2
decom_nnzavg: 60.663717
decom_nnzmax: 203
totreplwgt: 1551044
minpartwgt: 66760
avgpartwgt: 66772.078125
maxpartwgt: 66784
fincut: 0
finimbal: 0.000179
