inicut: 45089
iniimbal: 0.070373
replr: 0.010000
maxreplwgt: 109974
boun_cmin: 1
boun_cavg: 28.056452
boun_cmax: 89
boun_nmin: 2
boun_navg: 59.677419
boun_nmax: 200
boun_nnzmin: 4
boun_nnzavg: 90.072581
boun_nnzmax: 332
decom_cmin: 1
decom_cavg: 18.677419
decom_cmax: 48
decom_nmin: 2
decom_navg: 30.596774
decom_nmax: 122
decom_nnzmin: 4
decom_nnzavg: 37.685484
decom_nnzmax: 165
totreplwgt: 109972
minpartwgt: 82148
avgpartwgt: 86776.875000
maxpartwgt: 91964
fincut: 13511
finimbal: 0.059775
