inicut: 15993
iniimbal: 9.479740
replr: 0.010000
maxreplwgt: 23124
boun_cmin: 1
boun_cavg: 170.213483
boun_cmax: 850
boun_nmin: 1
boun_navg: 90.640449
boun_nmax: 510
boun_nnzmin: 1
boun_nnzavg: 263.078652
boun_nnzmax: 1375
decom_cmin: 1
decom_cavg: 52.573034
decom_cmax: 132
decom_nmin: 1
decom_navg: 49.134831
decom_nmax: 90
decom_nnzmin: 1
decom_nnzavg: 120.539326
decom_nnzmax: 1375
totreplwgt: 23124
minpartwgt: 11
avgpartwgt: 18247.039062
maxpartwgt: 189331
fincut: 14927
finimbal: 9.375985
