inicut: 20877
iniimbal: 0.067450
replr: 0.010000
maxreplwgt: 7568
boun_cmin: 1
boun_cavg: 18.184211
boun_cmax: 38
boun_nmin: 3
boun_navg: 42.973684
boun_nmax: 100
boun_nnzmin: 3
boun_nnzavg: 61.460526
boun_nnzmax: 165
decom_cmin: 1
decom_cavg: 11.565789
decom_cmax: 12
decom_nmin: 3
decom_navg: 11.947368
decom_nmax: 20
decom_nnzmin: 2
decom_nnzavg: 7.052632
decom_nnzmax: 20
totreplwgt: 7556
minpartwgt: 5648
avgpartwgt: 5972.187500
maxpartwgt: 6312
fincut: 18726
finimbal: 0.056899
