inicut: 46231
iniimbal: 0.049589
replr: 0.010000
maxreplwgt: 155426
boun_cmin: 1
boun_cavg: 29.592593
boun_cmax: 80
boun_nmin: 2
boun_navg: 62.111111
boun_nmax: 183
boun_nnzmin: 2
boun_nnzavg: 88.859259
boun_nnzmax: 266
decom_cmin: 1
decom_cavg: 22.985185
decom_cmax: 56
decom_nmin: 2
decom_navg: 39.896296
decom_nmax: 119
decom_nnzmin: 2
decom_nnzavg: 52.140741
decom_nnzmax: 172
totreplwgt: 155400
minpartwgt: 115916
avgpartwgt: 122640.687500
maxpartwgt: 127448
fincut: 1722
finimbal: 0.039198
