inicut: 45089
iniimbal: 0.070373
replr: 0.010000
maxreplwgt: 109974
boun_cmin: 1
boun_cavg: 28.217742
boun_cmax: 96
boun_nmin: 2
boun_navg: 59.806452
boun_nmax: 194
boun_nnzmin: 4
boun_nnzavg: 90.500000
boun_nnzmax: 353
decom_cmin: 1
decom_cavg: 18.596774
decom_cmax: 48
decom_nmin: 2
decom_navg: 30.532258
decom_nmax: 122
decom_nnzmin: 4
decom_nnzavg: 38.298387
decom_nnzmax: 165
totreplwgt: 109952
minpartwgt: 82012
avgpartwgt: 86776.718750
maxpartwgt: 91964
fincut: 14211
finimbal: 0.059777
