inicut: 71645
iniimbal: 0.065071
replr: 0.010000
maxreplwgt: 155426
boun_cmin: 1
boun_cavg: 26.428571
boun_cmax: 67
boun_nmin: 3
boun_navg: 54.380952
boun_nmax: 131
boun_nnzmin: 3
boun_nnzavg: 78.338624
boun_nnzmax: 210
decom_cmin: 1
decom_cavg: 17.386243
decom_cmax: 53
decom_nmin: 3
decom_navg: 25.947090
decom_nmax: 104
decom_nnzmin: 3
decom_nnzavg: 30.365079
decom_nnzmax: 164
totreplwgt: 155412
minpartwgt: 58616
avgpartwgt: 61320.390625
maxpartwgt: 64664
fincut: 26988
finimbal: 0.054527
