inicut: 44470
iniimbal: 0.926828
replr: 0.010000
maxreplwgt: 12069
boun_cmin: 1
boun_cavg: 12.370079
boun_cmax: 31
boun_nmin: 1
boun_navg: 28.362205
boun_nmax: 87
boun_nnzmin: 1
boun_nnzavg: 37.700787
boun_nnzmax: 111
decom_cmin: 1
decom_cavg: 8.519685
decom_cmax: 14
decom_nmin: 1
decom_navg: 9.527559
decom_nmax: 41
decom_nnzmin: 1
decom_nnzavg: 6.480315
decom_nnzmax: 49
totreplwgt: 12060
minpartwgt: 0
avgpartwgt: 4761.593750
maxpartwgt: 9084
fincut: 40641
finimbal: 0.907765
