inicut: 39633
iniimbal: 0.041952
replr: 0.010000
maxreplwgt: 24657
boun_cmin: 1
boun_cavg: 22.137255
boun_cmax: 73
boun_nmin: 1
boun_navg: 47.725490
boun_nmax: 155
boun_nnzmin: 1
boun_nnzavg: 76.941176
boun_nnzmax: 278
decom_cmin: 1
decom_cavg: 13.450980
decom_cmax: 40
decom_nmin: 1
decom_navg: 14.941176
decom_nmax: 40
decom_nnzmin: 1
decom_nnzavg: 15.843137
decom_nnzmax: 40
totreplwgt: 24652
minpartwgt: 18680
avgpartwgt: 19456.437500
maxpartwgt: 20072
fincut: 26913
finimbal: 0.031638
