inicut: 44470
iniimbal: 0.926828
replr: 0.100000
maxreplwgt: 120690
boun_cmin: 1
boun_cavg: 12.958791
boun_cmax: 44
boun_nmin: 1
boun_navg: 31.148352
boun_nmax: 103
boun_nnzmin: 1
boun_nnzavg: 47.857143
boun_nnzmax: 180
decom_cmin: 1
decom_cavg: 6.714286
decom_cmax: 25
decom_nmin: 1
decom_navg: 10.914835
decom_nmax: 68
decom_nnzmin: 1
decom_nnzavg: 12.744505
decom_nnzmax: 98
totreplwgt: 120672
minpartwgt: 0
avgpartwgt: 5185.859375
maxpartwgt: 9084
fincut: 6985
finimbal: 0.751687
