inicut: 71904
iniimbal: 0.055314
replr: 0.010000
maxreplwgt: 275320
boun_cmin: 1
boun_cavg: 24.035211
boun_cmax: 93
boun_nmin: 3
boun_navg: 47.985915
boun_nmax: 182
boun_nnzmin: 3
boun_nnzavg: 70.785211
boun_nnzmax: 328
decom_cmin: 1
decom_cavg: 19.024648
decom_cmax: 66
decom_nmin: 3
decom_navg: 33.943662
decom_nmax: 139
decom_nnzmin: 3
decom_nnzavg: 45.471831
decom_nnzmax: 223
totreplwgt: 275320
minpartwgt: 104232
avgpartwgt: 108622.578125
maxpartwgt: 113496
fincut: 0
finimbal: 0.044866
