inicut: 71645
iniimbal: 0.065071
replr: 0.010000
maxreplwgt: 155426
boun_cmin: 1
boun_cavg: 25.968912
boun_cmax: 69
boun_nmin: 1
boun_navg: 53.455959
boun_nmax: 131
boun_nnzmin: 1
boun_nnzavg: 76.746114
boun_nnzmax: 210
decom_cmin: 1
decom_cavg: 16.787565
decom_cmax: 54
decom_nmin: 1
decom_navg: 24.777202
decom_nmax: 106
decom_nnzmin: 1
decom_nnzavg: 28.367876
decom_nnzmax: 166
totreplwgt: 155416
minpartwgt: 58116
avgpartwgt: 61320.406250
maxpartwgt: 64664
fincut: 27198
finimbal: 0.054527
