inicut: 71645
iniimbal: 0.065071
replr: 0.010000
maxreplwgt: 155426
boun_cmin: 1
boun_cavg: 26.882979
boun_cmax: 69
boun_nmin: 2
boun_navg: 55.319149
boun_nmax: 138
boun_nnzmin: 2
boun_nnzavg: 79.606383
boun_nnzmax: 216
decom_cmin: 1
decom_cavg: 17.611702
decom_cmax: 53
decom_nmin: 2
decom_navg: 26.446809
decom_nmax: 103
decom_nnzmin: 2
decom_nnzavg: 30.632979
decom_nnzmax: 162
totreplwgt: 155408
minpartwgt: 58588
avgpartwgt: 61320.375000
maxpartwgt: 64664
fincut: 27366
finimbal: 0.054527
