inicut: 20877
iniimbal: 0.067450
replr: 0.010000
maxreplwgt: 7568
boun_cmin: 6
boun_cavg: 19.166667
boun_cmax: 37
boun_nmin: 15
boun_navg: 45.520833
boun_nmax: 100
boun_nnzmin: 15
boun_nnzavg: 65.833333
boun_nnzmax: 153
decom_cmin: 6
decom_cavg: 13.479167
decom_cmax: 23
decom_nmin: 8
decom_navg: 15.375000
decom_nmax: 26
decom_nnzmin: 8
decom_nnzavg: 15.625000
decom_nnzmax: 29
totreplwgt: 7564
minpartwgt: 5604
avgpartwgt: 5972.250000
maxpartwgt: 6312
fincut: 17718
finimbal: 0.056888
