inicut: 35246
iniimbal: 0.045804
replr: 0.010000
maxreplwgt: 7568
boun_cmin: 1
boun_cavg: 8.992857
boun_cmax: 23
boun_nmin: 1
boun_navg: 20.557143
boun_nmax: 53
boun_nnzmin: 1
boun_nnzavg: 23.114286
boun_nnzmax: 69
decom_cmin: 1
decom_cavg: 6.600000
decom_cmax: 7
decom_nmin: 1
decom_navg: 6.800000
decom_nmax: 13
decom_nnzmin: 1
decom_nnzavg: 4.157143
decom_nnzmax: 15
totreplwgt: 7568
minpartwgt: 2876
avgpartwgt: 2986.140625
maxpartwgt: 3092
fincut: 33288
finimbal: 0.035450
