inicut: 44470
iniimbal: 0.926828
replr: 0.100000
maxreplwgt: 120690
boun_cmin: 1
boun_cavg: 12.661290
boun_cmax: 44
boun_nmin: 1
boun_navg: 30.674731
boun_nmax: 106
boun_nnzmin: 1
boun_nnzavg: 46.946237
boun_nnzmax: 181
decom_cmin: 1
decom_cavg: 6.577957
decom_cmax: 23
decom_nmin: 1
decom_navg: 11.056452
decom_nmax: 63
decom_nnzmin: 1
decom_nnzavg: 12.852151
decom_nnzmax: 89
totreplwgt: 120680
minpartwgt: 28
avgpartwgt: 5185.890625
maxpartwgt: 9084
fincut: 5968
finimbal: 0.751676
