inicut: 44470
iniimbal: 0.926828
replr: 0.010000
maxreplwgt: 12069
boun_cmin: 1
boun_cavg: 12.333333
boun_cmax: 31
boun_nmin: 1
boun_navg: 28.387597
boun_nmax: 87
boun_nnzmin: 1
boun_nnzavg: 37.705426
boun_nnzmax: 111
decom_cmin: 1
decom_cavg: 8.581395
decom_cmax: 19
decom_nmin: 1
decom_navg: 10.046512
decom_nmax: 44
decom_nnzmin: 1
decom_nnzavg: 7.232558
decom_nnzmax: 55
totreplwgt: 12064
minpartwgt: 28
avgpartwgt: 4761.609375
maxpartwgt: 9084
fincut: 40440
finimbal: 0.907758
