inicut: 77832
iniimbal: 0.046072
replr: 0.010000
maxreplwgt: 290684
boun_cmin: 1
boun_cavg: 26.841549
boun_cmax: 101
boun_nmin: 2
boun_navg: 52.929577
boun_nmax: 228
boun_nnzmin: 2
boun_nnzavg: 78.214789
boun_nnzmax: 398
decom_cmin: 1
decom_cavg: 20.264085
decom_cmax: 61
decom_nmin: 2
decom_navg: 34.433099
decom_nmax: 131
decom_nnzmin: 2
decom_nnzavg: 45.482394
decom_nnzmax: 219
totreplwgt: 290664
minpartwgt: 109992
avgpartwgt: 114684.031250
maxpartwgt: 118780
fincut: 0
finimbal: 0.035715
