inicut: 20877
iniimbal: 0.067450
replr: 0.100000
maxreplwgt: 75688
boun_cmin: 1
boun_cavg: 18.440000
boun_cmax: 37
boun_nmin: 2
boun_navg: 44.656000
boun_nmax: 95
boun_nnzmin: 2
boun_nnzavg: 70.600000
boun_nnzmax: 161
decom_cmin: 1
decom_cavg: 9.584000
decom_cmax: 15
decom_nmin: 2
decom_navg: 11.688000
decom_nmax: 35
decom_nnzmin: 2
decom_nnzavg: 10.752000
decom_nnzmax: 56
totreplwgt: 74200
minpartwgt: 6480
avgpartwgt: 6492.843750
maxpartwgt: 6504
fincut: 6805
finimbal: 0.001718
