inicut: 72240
iniimbal: 0.105523
replr: 0.100000
maxreplwgt: 1099746
boun_cmin: 1
boun_cavg: 20.214592
boun_cmax: 86
boun_nmin: 1
boun_navg: 43.952790
boun_nmax: 187
boun_nnzmin: 1
boun_nnzavg: 65.969957
boun_nnzmax: 325
decom_cmin: 1
decom_cavg: 19.072961
decom_cmax: 59
decom_nmin: 1
decom_navg: 40.055794
decom_nmax: 135
decom_nnzmin: 1
decom_nnzavg: 58.236052
decom_nnzmax: 226
totreplwgt: 1097176
minpartwgt: 47228
avgpartwgt: 47244.703125
maxpartwgt: 47492
fincut: 167
finimbal: 0.005234
