inicut: 45089
iniimbal: 0.070373
replr: 0.010000
maxreplwgt: 109974
boun_cmin: 1
boun_cavg: 28.088000
boun_cmax: 94
boun_nmin: 2
boun_navg: 59.616000
boun_nmax: 208
boun_nnzmin: 2
boun_nnzavg: 89.976000
boun_nnzmax: 345
decom_cmin: 1
decom_cavg: 18.440000
decom_cmax: 44
decom_nmin: 2
decom_navg: 30.144000
decom_nmax: 102
decom_nnzmin: 2
decom_nnzavg: 37.672000
decom_nnzmax: 143
totreplwgt: 109960
minpartwgt: 81788
avgpartwgt: 86776.781250
maxpartwgt: 91964
fincut: 13682
finimbal: 0.059777
