inicut: 298092
iniimbal: 0.062517
replr: 0.100000
maxreplwgt: 9227
boun_cmin: 8
boun_cavg: 337.021898
boun_cmax: 6739
boun_nmin: 1
boun_navg: 445.562044
boun_nmax: 14686
boun_nnzmin: 8
boun_nnzavg: 2107.664234
boun_nnzmax: 29890
decom_cmin: 8
decom_cavg: 94.452555
decom_cmax: 151
decom_nmin: 1
decom_navg: 80.124088
decom_nmax: 151
decom_nnzmin: 8
decom_nnzavg: 164.299270
decom_nnzmax: 1581
totreplwgt: 9097
minpartwgt: 396
avgpartwgt: 396.000000
maxpartwgt: 396
fincut: 295644
finimbal: 0.000000
