inicut: 298092
iniimbal: 0.062517
replr: 0.100000
maxreplwgt: 9227
boun_cmin: 8
boun_cavg: 329.666667
boun_cmax: 6739
boun_nmin: 1
boun_navg: 432.929078
boun_nmax: 14686
boun_nnzmin: 8
boun_nnzavg: 2047.276596
boun_nnzmax: 29919
decom_cmin: 8
decom_cavg: 93.078014
decom_cmax: 151
decom_nmin: 1
decom_navg: 76.340426
decom_nmax: 151
decom_nnzmin: 8
decom_nnzavg: 161.085106
decom_nnzmax: 1506
totreplwgt: 9097
minpartwgt: 396
avgpartwgt: 396.000000
maxpartwgt: 396
fincut: 295574
finimbal: 0.000000
