inicut: 35246
iniimbal: 0.045804
replr: 0.100000
maxreplwgt: 75688
boun_cmin: 1
boun_cavg: 16.921875
boun_cmax: 34
boun_nmin: 3
boun_navg: 40.515625
boun_nmax: 81
boun_nnzmin: 3
boun_nnzavg: 64.003906
boun_nnzmax: 146
decom_cmin: 1
decom_cavg: 8.824219
decom_cmax: 9
decom_nmin: 3
decom_navg: 9.214844
decom_nmax: 21
decom_nnzmin: 2
decom_nnzavg: 6.582031
decom_nnzmax: 25
totreplwgt: 72812
minpartwgt: 3228
avgpartwgt: 3241.000000
maxpartwgt: 3252
fincut: 22538
finimbal: 0.003394
