inicut: 20877
iniimbal: 0.067450
replr: 0.100000
maxreplwgt: 75688
boun_cmin: 2
boun_cavg: 17.650794
boun_cmax: 38
boun_nmin: 4
boun_navg: 43.309524
boun_nmax: 98
boun_nnzmin: 5
boun_nnzavg: 67.587302
boun_nnzmax: 164
decom_cmin: 2
decom_cavg: 9.460317
decom_cmax: 12
decom_nmin: 4
decom_navg: 11.444444
decom_nmax: 30
decom_nnzmin: 3
decom_nnzavg: 10.198413
decom_nnzmax: 41
totreplwgt: 74192
minpartwgt: 6480
avgpartwgt: 6492.781250
maxpartwgt: 6504
fincut: 6436
finimbal: 0.001728
