inicut: 66437
iniimbal: 0.385393
replr: 0.100000
maxreplwgt: 246577
boun_cmin: 1
boun_cavg: 13.231884
boun_cmax: 50
boun_nmin: 1
boun_navg: 29.735507
boun_nmax: 118
boun_nnzmin: 1
boun_nnzavg: 47.014493
boun_nnzmax: 203
decom_cmin: 1
decom_cavg: 8.630435
decom_cmax: 21
decom_nmin: 1
decom_navg: 16.496377
decom_nmax: 49
decom_nnzmin: 1
decom_nnzavg: 22.702899
decom_nnzmax: 85
totreplwgt: 246568
minpartwgt: 10252
avgpartwgt: 10595.078125
maxpartwgt: 13344
fincut: 0
finimbal: 0.259453
