inicut: 72240
iniimbal: 0.105523
replr: 0.100000
maxreplwgt: 1099746
boun_cmin: 1
boun_cavg: 20.648069
boun_cmax: 86
boun_nmin: 1
boun_navg: 44.635193
boun_nmax: 187
boun_nnzmin: 1
boun_nnzavg: 67.536481
boun_nnzmax: 325
decom_cmin: 1
decom_cavg: 18.875536
decom_cmax: 59
decom_nmin: 1
decom_navg: 39.836910
decom_nmax: 135
decom_nnzmin: 1
decom_nnzavg: 58.266094
decom_nnzmax: 226
totreplwgt: 1096928
minpartwgt: 47228
avgpartwgt: 47243.734375
maxpartwgt: 47492
fincut: 229
finimbal: 0.005255
