inicut: 46231
iniimbal: 0.049589
replr: 0.100000
maxreplwgt: 1554260
boun_cmin: 1
boun_cavg: 26.219298
boun_cmax: 80
boun_nmin: 3
boun_navg: 58.271930
boun_nmax: 183
boun_nnzmin: 3
boun_nnzavg: 78.263158
boun_nnzmax: 266
decom_cmin: 1
decom_cavg: 26.219298
decom_cmax: 80
decom_nmin: 3
decom_navg: 58.271930
decom_nmax: 183
decom_nnzmin: 3
decom_nnzavg: 78.263158
decom_nnzmax: 266
totreplwgt: 1552464
minpartwgt: 133544
avgpartwgt: 133555.250000
maxpartwgt: 133568
fincut: 0
finimbal: 0.000095
