inicut: 77832
iniimbal: 0.046072
replr: 0.010000
maxreplwgt: 290684
boun_cmin: 1
boun_cavg: 26.608997
boun_cmax: 101
boun_nmin: 2
boun_navg: 52.377163
boun_nmax: 227
boun_nnzmin: 2
boun_nnzavg: 77.401384
boun_nnzmax: 397
decom_cmin: 1
decom_cavg: 19.512111
decom_cmax: 64
decom_nmin: 2
decom_navg: 32.588235
decom_nmax: 131
decom_nnzmin: 2
decom_nnzavg: 42.557093
decom_nnzmax: 241
totreplwgt: 290676
minpartwgt: 109992
avgpartwgt: 114684.078125
maxpartwgt: 118780
fincut: 0
finimbal: 0.035715
