inicut: 50172
iniimbal: 0.052818
replr: 0.010000
maxreplwgt: 290684
boun_cmin: 2
boun_cavg: 32.306452
boun_cmax: 113
boun_nmin: 5
boun_navg: 63.653226
boun_nmax: 224
boun_nnzmin: 5
boun_nnzavg: 93.233871
boun_nnzmax: 379
decom_cmin: 2
decom_cavg: 27.943548
decom_cmax: 78
decom_nmin: 5
decom_navg: 50.379032
decom_nmax: 150
decom_nnzmin: 5
decom_nnzavg: 69.741935
decom_nnzmax: 265
totreplwgt: 290660
minpartwgt: 222764
avgpartwgt: 229368.031250
maxpartwgt: 239092
fincut: 0
finimbal: 0.042395
