inicut: 92628
iniimbal: 0.156455
replr: 0.010000
maxreplwgt: 319369
boun_cmin: 1
boun_cavg: 26.167286
boun_cmax: 88
boun_nmin: 2
boun_navg: 50.338290
boun_nmax: 200
boun_nnzmin: 2
boun_nnzavg: 76.594796
boun_nnzmax: 326
decom_cmin: 1
decom_cavg: 20.494424
decom_cmax: 76
decom_nmin: 2
decom_navg: 35.226766
decom_nmax: 162
decom_nnzmin: 2
decom_nnzavg: 48.650558
decom_nnzmax: 277
totreplwgt: 319360
minpartwgt: 104948
avgpartwgt: 126001.171875
maxpartwgt: 144272
fincut: 0
finimbal: 0.145005
