inicut: 71645
iniimbal: 0.065071
replr: 0.010000
maxreplwgt: 155426
boun_cmin: 1
boun_cavg: 26.515789
boun_cmax: 69
boun_nmin: 2
boun_navg: 54.589474
boun_nmax: 131
boun_nnzmin: 2
boun_nnzavg: 78.563158
boun_nnzmax: 210
decom_cmin: 1
decom_cavg: 17.442105
decom_cmax: 51
decom_nmin: 2
decom_navg: 25.757895
decom_nmax: 100
decom_nnzmin: 2
decom_nnzavg: 29.668421
decom_nnzmax: 157
totreplwgt: 155400
minpartwgt: 58588
avgpartwgt: 61320.343750
maxpartwgt: 64664
fincut: 27246
finimbal: 0.054528
