inicut: 71645
iniimbal: 0.065071
replr: 0.010000
maxreplwgt: 155426
boun_cmin: 1
boun_cavg: 27.016484
boun_cmax: 67
boun_nmin: 2
boun_navg: 53.873626
boun_nmax: 134
boun_nnzmin: 2
boun_nnzavg: 80.785714
boun_nnzmax: 242
decom_cmin: 1
decom_cavg: 20.214286
decom_cmax: 47
decom_nmin: 2
decom_navg: 28.686813
decom_nmax: 97
decom_nnzmin: 2
decom_nnzavg: 35.527473
decom_nnzmax: 145
totreplwgt: 155420
minpartwgt: 58388
avgpartwgt: 61320.421875
maxpartwgt: 64664
fincut: 24359
finimbal: 0.054526
