inicut: 27834
iniimbal: 0.243402
replr: 0.100000
maxreplwgt: 120690
boun_cmin: 1
boun_cavg: 14.655629
boun_cmax: 50
boun_nmin: 2
boun_navg: 36.165563
boun_nmax: 124
boun_nnzmin: 2
boun_nnzavg: 56.754967
boun_nnzmax: 222
decom_cmin: 1
decom_cavg: 9.880795
decom_cmax: 26
decom_nmin: 2
decom_navg: 19.933775
decom_nmax: 66
decom_nnzmin: 2
decom_nnzavg: 26.887417
decom_nnzmax: 112
totreplwgt: 120676
minpartwgt: 9892
avgpartwgt: 10371.750000
maxpartwgt: 11724
fincut: 342
finimbal: 0.130378
