inicut: 50172
iniimbal: 0.052818
replr: 0.010000
maxreplwgt: 290684
boun_cmin: 1
boun_cavg: 31.362205
boun_cmax: 98
boun_nmin: 4
boun_navg: 61.944882
boun_nmax: 211
boun_nnzmin: 4
boun_nnzavg: 90.385827
boun_nnzmax: 325
decom_cmin: 1
decom_cavg: 27.173228
decom_cmax: 73
decom_nmin: 4
decom_navg: 48.992126
decom_nmax: 153
decom_nnzmin: 4
decom_nnzavg: 67.488189
decom_nnzmax: 235
totreplwgt: 290680
minpartwgt: 222764
avgpartwgt: 229368.187500
maxpartwgt: 239092
fincut: 0
finimbal: 0.042394
