inicut: 71645
iniimbal: 0.065071
replr: 0.010000
maxreplwgt: 155426
boun_cmin: 1
boun_cavg: 26.691489
boun_cmax: 66
boun_nmin: 3
boun_navg: 55.000000
boun_nmax: 133
boun_nnzmin: 3
boun_nnzavg: 79.101064
boun_nnzmax: 214
decom_cmin: 1
decom_cavg: 17.457447
decom_cmax: 49
decom_nmin: 3
decom_navg: 26.244681
decom_nmax: 96
decom_nnzmin: 3
decom_nnzavg: 30.148936
decom_nnzmax: 150
totreplwgt: 155420
minpartwgt: 58632
avgpartwgt: 61320.421875
maxpartwgt: 64664
fincut: 27291
finimbal: 0.054526
