inicut: 72240
iniimbal: 0.105523
replr: 0.010000
maxreplwgt: 109974
boun_cmin: 1
boun_cavg: 23.952632
boun_cmax: 89
boun_nmin: 2
boun_navg: 49.084211
boun_nmax: 195
boun_nnzmin: 2
boun_nnzavg: 74.957895
boun_nnzmax: 333
decom_cmin: 1
decom_cavg: 14.336842
decom_cmax: 29
decom_nmin: 2
decom_navg: 19.884211
decom_nmax: 70
decom_nnzmin: 2
decom_nnzavg: 21.389474
decom_nnzmax: 98
totreplwgt: 109948
minpartwgt: 37404
avgpartwgt: 43388.343750
maxpartwgt: 47492
fincut: 41714
finimbal: 0.094580
