inicut: 20877
iniimbal: 0.067450
replr: 0.100000
maxreplwgt: 75688
boun_cmin: 2
boun_cavg: 17.856000
boun_cmax: 36
boun_nmin: 6
boun_navg: 43.688000
boun_nmax: 83
boun_nnzmin: 6
boun_nnzavg: 68.360000
boun_nnzmax: 139
decom_cmin: 2
decom_cavg: 9.592000
decom_cmax: 15
decom_nmin: 6
decom_navg: 11.784000
decom_nmax: 35
decom_nnzmin: 3
decom_nnzavg: 10.512000
decom_nnzmax: 50
totreplwgt: 74168
minpartwgt: 6480
avgpartwgt: 6492.593750
maxpartwgt: 6504
fincut: 6691
finimbal: 0.001757
