inicut: 50172
iniimbal: 0.052818
replr: 0.010000
maxreplwgt: 290684
boun_cmin: 2
boun_cavg: 32.008000
boun_cmax: 118
boun_nmin: 5
boun_navg: 63.200000
boun_nmax: 241
boun_nnzmin: 5
boun_nnzavg: 92.592000
boun_nnzmax: 400
decom_cmin: 2
decom_cavg: 27.720000
decom_cmax: 75
decom_nmin: 5
decom_navg: 49.936000
decom_nmax: 153
decom_nnzmin: 5
decom_nnzavg: 69.136000
decom_nnzmax: 252
totreplwgt: 290664
minpartwgt: 222764
avgpartwgt: 229368.062500
maxpartwgt: 239092
fincut: 0
finimbal: 0.042394
