inicut: 72240
iniimbal: 0.105523
replr: 0.100000
maxreplwgt: 1099746
boun_cmin: 1
boun_cavg: 20.756410
boun_cmax: 86
boun_nmin: 1
boun_navg: 44.854701
boun_nmax: 187
boun_nnzmin: 1
boun_nnzavg: 68.042735
boun_nnzmax: 325
decom_cmin: 1
decom_cavg: 18.482906
decom_cmax: 59
decom_nmin: 1
decom_navg: 38.572650
decom_nmax: 135
decom_nnzmin: 1
decom_nnzavg: 55.854701
decom_nnzmax: 211
totreplwgt: 1097204
minpartwgt: 47228
avgpartwgt: 47244.812500
maxpartwgt: 47492
fincut: 189
finimbal: 0.005232
