inicut: 66437
iniimbal: 0.385393
replr: 0.100000
maxreplwgt: 246577
boun_cmin: 1
boun_cavg: 12.948718
boun_cmax: 50
boun_nmin: 1
boun_navg: 29.109890
boun_nmax: 121
boun_nnzmin: 1
boun_nnzavg: 45.930403
boun_nnzmax: 215
decom_cmin: 1
decom_cavg: 8.531136
decom_cmax: 20
decom_nmin: 1
decom_navg: 16.219780
decom_nmax: 48
decom_nnzmin: 1
decom_nnzavg: 22.120879
decom_nnzmax: 75
totreplwgt: 246552
minpartwgt: 10300
avgpartwgt: 10595.015625
maxpartwgt: 13344
fincut: 0
finimbal: 0.259460
