inicut: 71645
iniimbal: 0.065071
replr: 0.100000
maxreplwgt: 1554260
boun_cmin: 1
boun_cavg: 20.765487
boun_cmax: 60
boun_nmin: 2
boun_navg: 45.004425
boun_nmax: 124
boun_nnzmin: 2
boun_nnzavg: 61.473451
boun_nnzmax: 202
decom_cmin: 1
decom_cavg: 20.597345
decom_cmax: 60
decom_nmin: 2
decom_navg: 44.553097
decom_nmax: 124
decom_nnzmin: 2
decom_nnzavg: 60.792035
decom_nnzmax: 202
totreplwgt: 1551020
minpartwgt: 66760
avgpartwgt: 66771.984375
maxpartwgt: 66784
fincut: 0
finimbal: 0.000180
