inicut: 46231
iniimbal: 0.049589
replr: 0.010000
maxreplwgt: 155426
boun_cmin: 1
boun_cavg: 28.248120
boun_cmax: 80
boun_nmin: 2
boun_navg: 60.082707
boun_nmax: 183
boun_nnzmin: 2
boun_nnzavg: 85.518797
boun_nnzmax: 266
decom_cmin: 1
decom_cavg: 24.563910
decom_cmax: 56
decom_nmin: 2
decom_navg: 42.210526
decom_nmax: 119
decom_nnzmin: 2
decom_nnzavg: 56.774436
decom_nnzmax: 172
totreplwgt: 155424
minpartwgt: 116912
avgpartwgt: 122640.875000
maxpartwgt: 127448
fincut: 857
finimbal: 0.039197
