inicut: 44304
iniimbal: 0.047039
replr: 0.010000
maxreplwgt: 275320
boun_cmin: 1
boun_cavg: 29.081481
boun_cmax: 109
boun_nmin: 1
boun_navg: 58.237037
boun_nmax: 181
boun_nnzmin: 1
boun_nnzavg: 83.837037
boun_nnzmax: 295
decom_cmin: 1
decom_cavg: 23.844444
decom_cmax: 58
decom_nmin: 1
decom_navg: 43.303704
decom_nmax: 125
decom_nnzmin: 1
decom_nnzavg: 57.925926
decom_nnzmax: 176
totreplwgt: 275316
minpartwgt: 207432
avgpartwgt: 217245.125000
maxpartwgt: 225212
fincut: 141
finimbal: 0.036672
