inicut: 44470
iniimbal: 0.926828
replr: 0.010000
maxreplwgt: 12069
boun_cmin: 1
boun_cavg: 12.370370
boun_cmax: 31
boun_nmin: 3
boun_navg: 28.351852
boun_nmax: 87
boun_nnzmin: 3
boun_nnzavg: 37.814815
boun_nnzmax: 111
decom_cmin: 1
decom_cavg: 9.592593
decom_cmax: 25
decom_nmin: 3
decom_navg: 13.101852
decom_nmax: 26
decom_nnzmin: 3
decom_nnzavg: 13.740741
decom_nnzmax: 29
totreplwgt: 12056
minpartwgt: 0
avgpartwgt: 4761.578125
maxpartwgt: 9084
fincut: 38397
finimbal: 0.907771
