inicut: 71645
iniimbal: 0.065071
replr: 0.010000
maxreplwgt: 155426
boun_cmin: 1
boun_cavg: 26.062827
boun_cmax: 69
boun_nmin: 2
boun_navg: 53.774869
boun_nmax: 131
boun_nnzmin: 2
boun_nnzavg: 77.015707
boun_nnzmax: 210
decom_cmin: 1
decom_cavg: 17.277487
decom_cmax: 54
decom_nmin: 2
decom_navg: 26.120419
decom_nmax: 106
decom_nnzmin: 2
decom_nnzavg: 30.465969
decom_nnzmax: 166
totreplwgt: 155412
minpartwgt: 58428
avgpartwgt: 61320.390625
maxpartwgt: 64664
fincut: 26860
finimbal: 0.054527
