inicut: 66437
iniimbal: 0.385393
replr: 0.010000
maxreplwgt: 24657
boun_cmin: 2
boun_cavg: 21.069620
boun_cmax: 54
boun_nmin: 4
boun_navg: 45.943038
boun_nmax: 125
boun_nnzmin: 4
boun_nnzavg: 73.708861
boun_nnzmax: 240
decom_cmin: 2
decom_cavg: 11.373418
decom_cmax: 14
decom_nmin: 4
decom_navg: 12.386076
decom_nmax: 40
decom_nnzmin: 2
decom_nnzavg: 8.822785
decom_nnzmax: 45
totreplwgt: 24644
minpartwgt: 5476
avgpartwgt: 9728.187500
maxpartwgt: 13344
fincut: 55803
finimbal: 0.371684
