inicut: 71904
iniimbal: 0.055314
replr: 0.010000
maxreplwgt: 275320
boun_cmin: 1
boun_cavg: 23.782456
boun_cmax: 93
boun_nmin: 2
boun_navg: 47.498246
boun_nmax: 182
boun_nnzmin: 2
boun_nnzavg: 70.000000
boun_nnzmax: 328
decom_cmin: 1
decom_cavg: 18.859649
decom_cmax: 58
decom_nmin: 2
decom_navg: 33.722807
decom_nmax: 115
decom_nnzmin: 2
decom_nnzavg: 45.242105
decom_nnzmax: 183
totreplwgt: 275312
minpartwgt: 104376
avgpartwgt: 108622.546875
maxpartwgt: 113496
fincut: 55
finimbal: 0.044866
