inicut: 66437
iniimbal: 0.385393
replr: 0.100000
maxreplwgt: 246577
boun_cmin: 1
boun_cavg: 13.282528
boun_cmax: 50
boun_nmin: 1
boun_navg: 29.996283
boun_nmax: 118
boun_nnzmin: 1
boun_nnzavg: 47.171004
boun_nnzmax: 215
decom_cmin: 1
decom_cavg: 8.769517
decom_cmax: 27
decom_nmin: 1
decom_navg: 16.843866
decom_nmax: 64
decom_nnzmin: 1
decom_nnzavg: 23.174721
decom_nnzmax: 111
totreplwgt: 246572
minpartwgt: 10276
avgpartwgt: 10595.093750
maxpartwgt: 13344
fincut: 0
finimbal: 0.259451
