inicut: 77832
iniimbal: 0.046072
replr: 0.010000
maxreplwgt: 290684
boun_cmin: 1
boun_cavg: 26.915789
boun_cmax: 101
boun_nmin: 2
boun_navg: 53.031579
boun_nmax: 228
boun_nnzmin: 2
boun_nnzavg: 78.459649
boun_nnzmax: 398
decom_cmin: 1
decom_cavg: 20.056140
decom_cmax: 72
decom_nmin: 2
decom_navg: 33.800000
decom_nmax: 145
decom_nnzmin: 2
decom_nnzavg: 44.484211
decom_nnzmax: 245
totreplwgt: 290668
minpartwgt: 108768
avgpartwgt: 114684.046875
maxpartwgt: 118780
fincut: 0
finimbal: 0.035715
