inicut: 71904
iniimbal: 0.055314
replr: 0.010000
maxreplwgt: 275320
boun_cmin: 1
boun_cavg: 23.961268
boun_cmax: 97
boun_nmin: 2
boun_navg: 47.855634
boun_nmax: 189
boun_nnzmin: 2
boun_nnzavg: 70.531690
boun_nnzmax: 341
decom_cmin: 1
decom_cavg: 18.813380
decom_cmax: 58
decom_nmin: 2
decom_navg: 33.623239
decom_nmax: 124
decom_nnzmin: 2
decom_nnzavg: 44.869718
decom_nnzmax: 194
totreplwgt: 275304
minpartwgt: 104232
avgpartwgt: 108622.515625
maxpartwgt: 113496
fincut: 75
finimbal: 0.044866
