inicut: 59526
iniimbal: 0.061243
replr: 0.010000
maxreplwgt: 319369
boun_cmin: 1
boun_cavg: 32.720000
boun_cmax: 118
boun_nmin: 2
boun_navg: 59.056000
boun_nmax: 214
boun_nnzmin: 3
boun_nnzavg: 95.784000
boun_nnzmax: 415
decom_cmin: 1
decom_cavg: 28.232000
decom_cmax: 82
decom_nmin: 2
decom_navg: 45.968000
decom_nmax: 136
decom_nnzmin: 3
decom_nnzavg: 69.144000
decom_nnzmax: 255
totreplwgt: 319344
minpartwgt: 243876
avgpartwgt: 252002.218750
maxpartwgt: 264788
fincut: 0
finimbal: 0.050737
