inicut: 71904
iniimbal: 0.055314
replr: 0.010000
maxreplwgt: 275320
boun_cmin: 1
boun_cavg: 24.088339
boun_cmax: 92
boun_nmin: 1
boun_navg: 48.169611
boun_nmax: 182
boun_nnzmin: 1
boun_nnzavg: 70.795053
boun_nnzmax: 324
decom_cmin: 1
decom_cavg: 19.123675
decom_cmax: 58
decom_nmin: 1
decom_navg: 34.360424
decom_nmax: 108
decom_nnzmin: 1
decom_nnzavg: 46.067138
decom_nnzmax: 162
totreplwgt: 275308
minpartwgt: 104232
avgpartwgt: 108622.531250
maxpartwgt: 113496
fincut: 0
finimbal: 0.044866
