inicut: 72240
iniimbal: 0.105523
replr: 0.100000
maxreplwgt: 1099746
boun_cmin: 1
boun_cavg: 20.620253
boun_cmax: 86
boun_nmin: 1
boun_navg: 44.586498
boun_nmax: 187
boun_nnzmin: 1
boun_nnzavg: 67.772152
boun_nnzmax: 325
decom_cmin: 1
decom_cavg: 18.590717
decom_cmax: 62
decom_nmin: 1
decom_navg: 38.620253
decom_nmax: 135
decom_nnzmin: 1
decom_nnzavg: 55.649789
decom_nnzmax: 211
totreplwgt: 1097504
minpartwgt: 47228
avgpartwgt: 47245.984375
maxpartwgt: 47492
fincut: 352
finimbal: 0.005207
