inicut: 77832
iniimbal: 0.046072
replr: 0.010000
maxreplwgt: 290684
boun_cmin: 1
boun_cavg: 26.926573
boun_cmax: 101
boun_nmin: 2
boun_navg: 53.097902
boun_nmax: 228
boun_nnzmin: 2
boun_nnzavg: 78.493007
boun_nnzmax: 398
decom_cmin: 1
decom_cavg: 19.881119
decom_cmax: 61
decom_nmin: 2
decom_navg: 33.475524
decom_nmax: 131
decom_nnzmin: 2
decom_nnzavg: 43.902098
decom_nnzmax: 237
totreplwgt: 290672
minpartwgt: 109988
avgpartwgt: 114684.062500
maxpartwgt: 118780
fincut: 0
finimbal: 0.035715
