inicut: 46231
iniimbal: 0.049589
replr: 0.010000
maxreplwgt: 155426
boun_cmin: 1
boun_cavg: 29.705882
boun_cmax: 67
boun_nmin: 2
boun_navg: 62.426471
boun_nmax: 156
boun_nnzmin: 2
boun_nnzavg: 89.080882
boun_nnzmax: 219
decom_cmin: 1
decom_cavg: 22.933824
decom_cmax: 56
decom_nmin: 2
decom_navg: 39.698529
decom_nmax: 119
decom_nnzmin: 2
decom_nnzavg: 51.183824
decom_nnzmax: 172
totreplwgt: 155420
minpartwgt: 115916
avgpartwgt: 122640.843750
maxpartwgt: 127448
fincut: 1499
finimbal: 0.039197
