inicut: 77832
iniimbal: 0.046072
replr: 0.100000
maxreplwgt: 2906844
boun_cmin: 1
boun_cavg: 27.117117
boun_cmax: 82
boun_nmin: 1
boun_navg: 48.567568
boun_nmax: 160
boun_nnzmin: 3
boun_nnzavg: 77.959459
boun_nnzmax: 313
decom_cmin: 1
decom_cavg: 27.117117
decom_cmax: 82
decom_nmin: 1
decom_navg: 48.567568
decom_nmax: 160
decom_nnzmin: 3
decom_nnzavg: 77.959459
decom_nnzmax: 313
totreplwgt: 2902860
minpartwgt: 124876
avgpartwgt: 124887.921875
maxpartwgt: 124900
fincut: 0
finimbal: 0.000097
