inicut: 71904
iniimbal: 0.055314
replr: 0.010000
maxreplwgt: 275320
boun_cmin: 1
boun_cavg: 24.052632
boun_cmax: 97
boun_nmin: 2
boun_navg: 48.014035
boun_nmax: 189
boun_nnzmin: 2
boun_nnzavg: 70.908772
boun_nnzmax: 341
decom_cmin: 1
decom_cavg: 19.035088
decom_cmax: 61
decom_nmin: 2
decom_navg: 34.105263
decom_nmax: 136
decom_nnzmin: 2
decom_nnzavg: 45.754386
decom_nnzmax: 212
totreplwgt: 275312
minpartwgt: 104232
avgpartwgt: 108622.546875
maxpartwgt: 113496
fincut: 0
finimbal: 0.044866
