inicut: 15993
iniimbal: 9.479740
replr: 0.010000
maxreplwgt: 23124
boun_cmin: 1
boun_cavg: 179.976471
boun_cmax: 850
boun_nmin: 1
boun_navg: 94.988235
boun_nmax: 516
boun_nnzmin: 1
boun_nnzavg: 277.423529
boun_nnzmax: 1375
decom_cmin: 1
decom_cavg: 55.905882
decom_cmax: 132
decom_nmin: 1
decom_navg: 51.858824
decom_nmax: 90
decom_nnzmin: 1
decom_nnzavg: 128.105882
decom_nnzmax: 1375
totreplwgt: 23124
minpartwgt: 11
avgpartwgt: 18247.039062
maxpartwgt: 189331
fincut: 14958
finimbal: 9.375985
