inicut: 45089
iniimbal: 0.070373
replr: 0.010000
maxreplwgt: 109974
boun_cmin: 1
boun_cavg: 27.302326
boun_cmax: 92
boun_nmin: 1
boun_navg: 57.930233
boun_nmax: 204
boun_nnzmin: 1
boun_nnzavg: 87.472868
boun_nnzmax: 340
decom_cmin: 1
decom_cavg: 18.062016
decom_cmax: 48
decom_nmin: 1
decom_navg: 29.728682
decom_nmax: 122
decom_nnzmin: 1
decom_nnzavg: 36.891473
decom_nnzmax: 165
totreplwgt: 109972
minpartwgt: 81788
avgpartwgt: 86776.875000
maxpartwgt: 91964
fincut: 14053
finimbal: 0.059775
