inicut: 39633
iniimbal: 0.041952
replr: 0.100000
maxreplwgt: 246577
boun_cmin: 1
boun_cavg: 15.858491
boun_cmax: 45
boun_nmin: 1
boun_navg: 37.264151
boun_nmax: 102
boun_nnzmin: 1
boun_nnzavg: 56.792453
boun_nnzmax: 169
decom_cmin: 1
decom_cavg: 13.462264
decom_cmax: 32
decom_nmin: 1
decom_navg: 29.990566
decom_nmax: 76
decom_nnzmin: 1
decom_nnzavg: 43.198113
decom_nnzmax: 117
totreplwgt: 244744
minpartwgt: 21164
avgpartwgt: 21175.906250
maxpartwgt: 21188
fincut: 371
finimbal: 0.000571
