inicut: 44470
iniimbal: 0.926828
replr: 0.100000
maxreplwgt: 120690
boun_cmin: 1
boun_cavg: 12.534946
boun_cmax: 44
boun_nmin: 1
boun_navg: 30.266129
boun_nmax: 103
boun_nnzmin: 1
boun_nnzavg: 46.196237
boun_nnzmax: 180
decom_cmin: 1
decom_cavg: 6.529570
decom_cmax: 22
decom_nmin: 1
decom_navg: 10.677419
decom_nmax: 56
decom_nnzmin: 1
decom_nnzavg: 12.314516
decom_nnzmax: 90
totreplwgt: 120688
minpartwgt: 0
avgpartwgt: 5185.921875
maxpartwgt: 9084
fincut: 6031
finimbal: 0.751665
