inicut: 20877
iniimbal: 0.067450
replr: 0.010000
maxreplwgt: 7568
boun_cmin: 2
boun_cavg: 18.569444
boun_cmax: 37
boun_nmin: 10
boun_navg: 43.986111
boun_nmax: 100
boun_nnzmin: 10
boun_nnzavg: 62.861111
boun_nnzmax: 157
decom_cmin: 2
decom_cavg: 11.694444
decom_cmax: 12
decom_nmin: 10
decom_navg: 12.069444
decom_nmax: 20
decom_nnzmin: 2
decom_nnzavg: 7.208333
decom_nnzmax: 20
totreplwgt: 7564
minpartwgt: 5648
avgpartwgt: 5972.250000
maxpartwgt: 6312
fincut: 18866
finimbal: 0.056888
