inicut: 92628
iniimbal: 0.156455
replr: 0.010000
maxreplwgt: 319369
boun_cmin: 1
boun_cavg: 26.149813
boun_cmax: 90
boun_nmin: 1
boun_navg: 50.284644
boun_nmax: 200
boun_nnzmin: 1
boun_nnzavg: 76.516854
boun_nnzmax: 326
decom_cmin: 1
decom_cavg: 20.749064
decom_cmax: 76
decom_nmin: 1
decom_navg: 35.801498
decom_nmax: 162
decom_nnzmin: 1
decom_nnzavg: 49.438202
decom_nnzmax: 277
totreplwgt: 319368
minpartwgt: 104948
avgpartwgt: 126001.203125
maxpartwgt: 144272
fincut: 0
finimbal: 0.145005
