inicut: 46231
iniimbal: 0.049589
replr: 0.010000
maxreplwgt: 155426
boun_cmin: 2
boun_cavg: 29.740741
boun_cmax: 80
boun_nmin: 3
boun_navg: 62.429630
boun_nmax: 183
boun_nnzmin: 5
boun_nnzavg: 89.407407
boun_nnzmax: 266
decom_cmin: 2
decom_cavg: 23.296296
decom_cmax: 56
decom_nmin: 3
decom_navg: 40.444444
decom_nmax: 119
decom_nnzmin: 5
decom_nnzavg: 53.074074
decom_nnzmax: 172
totreplwgt: 155416
minpartwgt: 115916
avgpartwgt: 122640.812500
maxpartwgt: 127448
fincut: 1595
finimbal: 0.039197
