inicut: 77832
iniimbal: 0.046072
replr: 0.010000
maxreplwgt: 290684
boun_cmin: 1
boun_cavg: 26.616725
boun_cmax: 101
boun_nmin: 2
boun_navg: 52.529617
boun_nmax: 228
boun_nnzmin: 2
boun_nnzavg: 77.567944
boun_nnzmax: 398
decom_cmin: 1
decom_cavg: 19.912892
decom_cmax: 61
decom_nmin: 2
decom_navg: 33.651568
decom_nmax: 133
decom_nnzmin: 2
decom_nnzavg: 44.393728
decom_nnzmax: 245
totreplwgt: 290684
minpartwgt: 109992
avgpartwgt: 114684.109375
maxpartwgt: 118780
fincut: 0
finimbal: 0.035715
