inicut: 72240
iniimbal: 0.105523
replr: 0.010000
maxreplwgt: 109974
boun_cmin: 1
boun_cavg: 24.301075
boun_cmax: 89
boun_nmin: 2
boun_navg: 49.833333
boun_nmax: 195
boun_nnzmin: 2
boun_nnzavg: 76.064516
boun_nnzmax: 333
decom_cmin: 1
decom_cavg: 14.693548
decom_cmax: 28
decom_nmin: 2
decom_navg: 20.290323
decom_nmax: 62
decom_nnzmin: 2
decom_nnzavg: 21.978495
decom_nnzmax: 98
totreplwgt: 109964
minpartwgt: 37404
avgpartwgt: 43388.406250
maxpartwgt: 47492
fincut: 41604
finimbal: 0.094578
