inicut: 15993
iniimbal: 9.479740
replr: 0.010000
maxreplwgt: 23124
boun_cmin: 1
boun_cavg: 175.127907
boun_cmax: 850
boun_nmin: 1
boun_navg: 93.453488
boun_nmax: 518
boun_nnzmin: 1
boun_nnzavg: 271.313953
boun_nnzmax: 1375
decom_cmin: 1
decom_cavg: 54.151163
decom_cmax: 132
decom_nmin: 1
decom_navg: 50.546512
decom_nmax: 90
decom_nnzmin: 1
decom_nnzavg: 122.709302
decom_nnzmax: 1375
totreplwgt: 23124
minpartwgt: 12
avgpartwgt: 18247.039062
maxpartwgt: 189331
fincut: 14955
finimbal: 9.375985
