inicut: 66437
iniimbal: 0.385393
replr: 0.100000
maxreplwgt: 246577
boun_cmin: 1
boun_cavg: 13.146520
boun_cmax: 50
boun_nmin: 1
boun_navg: 29.754579
boun_nmax: 110
boun_nnzmin: 1
boun_nnzavg: 46.780220
boun_nnzmax: 208
decom_cmin: 1
decom_cavg: 8.663004
decom_cmax: 20
decom_nmin: 1
decom_navg: 16.681319
decom_nmax: 48
decom_nnzmin: 1
decom_nnzavg: 22.952381
decom_nnzmax: 77
totreplwgt: 246556
minpartwgt: 10276
avgpartwgt: 10595.031250
maxpartwgt: 13344
fincut: 0
finimbal: 0.259458
