inicut: 92628
iniimbal: 0.156455
replr: 0.010000
maxreplwgt: 319369
boun_cmin: 1
boun_cavg: 25.677656
boun_cmax: 90
boun_nmin: 2
boun_navg: 49.406593
boun_nmax: 200
boun_nnzmin: 2
boun_nnzavg: 75.131868
boun_nnzmax: 326
decom_cmin: 1
decom_cavg: 20.260073
decom_cmax: 76
decom_nmin: 2
decom_navg: 34.923077
decom_nmax: 162
decom_nnzmin: 2
decom_nnzavg: 48.120879
decom_nnzmax: 277
totreplwgt: 319348
minpartwgt: 104948
avgpartwgt: 126001.125000
maxpartwgt: 144272
fincut: 0
finimbal: 0.145006
