inicut: 45089
iniimbal: 0.070373
replr: 0.010000
maxreplwgt: 109974
boun_cmin: 1
boun_cavg: 28.447154
boun_cmax: 91
boun_nmin: 2
boun_navg: 60.585366
boun_nmax: 204
boun_nnzmin: 3
boun_nnzavg: 91.430894
boun_nnzmax: 335
decom_cmin: 1
decom_cavg: 18.975610
decom_cmax: 48
decom_nmin: 2
decom_navg: 31.845528
decom_nmax: 122
decom_nnzmin: 3
decom_nnzavg: 40.097561
decom_nnzmax: 165
totreplwgt: 109956
minpartwgt: 81788
avgpartwgt: 86776.750000
maxpartwgt: 91964
fincut: 13509
finimbal: 0.059777
