inicut: 50172
iniimbal: 0.052818
replr: 0.010000
maxreplwgt: 290684
boun_cmin: 2
boun_cavg: 32.288000
boun_cmax: 105
boun_nmin: 5
boun_navg: 63.640000
boun_nmax: 212
boun_nnzmin: 5
boun_nnzavg: 93.512000
boun_nnzmax: 366
decom_cmin: 2
decom_cavg: 27.824000
decom_cmax: 78
decom_nmin: 5
decom_navg: 50.080000
decom_nmax: 150
decom_nnzmin: 5
decom_nnzavg: 69.688000
decom_nnzmax: 275
totreplwgt: 290660
minpartwgt: 222764
avgpartwgt: 229368.031250
maxpartwgt: 239092
fincut: 0
finimbal: 0.042395
