inicut: 24003
iniimbal: 7.766116
replr: 0.010000
maxreplwgt: 23124
boun_cmin: 1
boun_cavg: 80.206612
boun_cmax: 1677
boun_nmin: 1
boun_navg: 40.272727
boun_nmax: 341
boun_nnzmin: 1
boun_nnzavg: 115.719008
boun_nnzmax: 2530
decom_cmin: 1
decom_cavg: 39.652893
decom_cmax: 1677
decom_nmin: 1
decom_navg: 22.272727
decom_nmax: 78
decom_nnzmin: 1
decom_nnzavg: 66.305785
decom_nnzmax: 2530
totreplwgt: 23124
minpartwgt: 83
avgpartwgt: 9123.519531
maxpartwgt: 79186
fincut: 23162
finimbal: 7.679326
