inicut: 35246
iniimbal: 0.045804
replr: 0.010000
maxreplwgt: 7568
boun_cmin: 1
boun_cavg: 9.169014
boun_cmax: 21
boun_nmin: 1
boun_navg: 21.091549
boun_nmax: 56
boun_nnzmin: 1
boun_nnzavg: 23.788732
boun_nnzmax: 70
decom_cmin: 1
decom_cavg: 6.619718
decom_cmax: 7
decom_nmin: 1
decom_navg: 6.725352
decom_nmax: 7
decom_nnzmin: 1
decom_nnzavg: 4.063380
decom_nnzmax: 8
totreplwgt: 7560
minpartwgt: 2876
avgpartwgt: 2986.109375
maxpartwgt: 3092
fincut: 33097
finimbal: 0.035461
