inicut: 50172
iniimbal: 0.052818
replr: 0.010000
maxreplwgt: 290684
boun_cmin: 1
boun_cavg: 31.666667
boun_cmax: 121
boun_nmin: 5
boun_navg: 62.468254
boun_nmax: 236
boun_nnzmin: 5
boun_nnzavg: 91.539683
boun_nnzmax: 415
decom_cmin: 1
decom_cavg: 27.428571
decom_cmax: 76
decom_nmin: 5
decom_navg: 49.349206
decom_nmax: 153
decom_nnzmin: 5
decom_nnzavg: 68.373016
decom_nnzmax: 268
totreplwgt: 290660
minpartwgt: 222644
avgpartwgt: 229368.031250
maxpartwgt: 239092
fincut: 0
finimbal: 0.042395
