inicut: 46231
iniimbal: 0.049589
replr: 0.010000
maxreplwgt: 155426
boun_cmin: 1
boun_cavg: 29.718519
boun_cmax: 80
boun_nmin: 3
boun_navg: 62.266667
boun_nmax: 183
boun_nnzmin: 3
boun_nnzavg: 89.370370
boun_nnzmax: 266
decom_cmin: 1
decom_cavg: 23.185185
decom_cmax: 56
decom_nmin: 3
decom_navg: 39.814815
decom_nmax: 119
decom_nnzmin: 3
decom_nnzavg: 52.259259
decom_nnzmax: 172
totreplwgt: 155416
minpartwgt: 115916
avgpartwgt: 122640.812500
maxpartwgt: 127448
fincut: 1882
finimbal: 0.039197
