inicut: 71904
iniimbal: 0.055314
replr: 0.010000
maxreplwgt: 275320
boun_cmin: 1
boun_cavg: 23.936620
boun_cmax: 92
boun_nmin: 2
boun_navg: 47.767606
boun_nmax: 177
boun_nnzmin: 2
boun_nnzavg: 70.362676
boun_nnzmax: 323
decom_cmin: 1
decom_cavg: 19.193662
decom_cmax: 58
decom_nmin: 2
decom_navg: 34.450704
decom_nmax: 116
decom_nnzmin: 2
decom_nnzavg: 46.359155
decom_nnzmax: 182
totreplwgt: 275308
minpartwgt: 104232
avgpartwgt: 108622.531250
maxpartwgt: 113496
fincut: 0
finimbal: 0.044866
