inicut: 27834
iniimbal: 0.243402
replr: 0.010000
maxreplwgt: 12069
boun_cmin: 4
boun_cavg: 17.086207
boun_cmax: 35
boun_nmin: 9
boun_navg: 41.793103
boun_nmax: 90
boun_nnzmin: 12
boun_nnzavg: 58.275862
boun_nnzmax: 141
decom_cmin: 4
decom_cavg: 11.120690
decom_cmax: 20
decom_nmin: 9
decom_navg: 12.655172
decom_nmax: 47
decom_nnzmin: 3
decom_nnzavg: 9.706897
decom_nnzmax: 70
totreplwgt: 12068
minpartwgt: 7676
avgpartwgt: 9523.250000
maxpartwgt: 11724
fincut: 23699
finimbal: 0.231092
