inicut: 77832
iniimbal: 0.046072
replr: 0.010000
maxreplwgt: 290684
boun_cmin: 1
boun_cavg: 27.687500
boun_cmax: 101
boun_nmin: 1
boun_navg: 51.944853
boun_nmax: 228
boun_nnzmin: 1
boun_nnzavg: 81.033088
boun_nnzmax: 400
decom_cmin: 1
decom_cavg: 22.889706
decom_cmax: 71
decom_nmin: 1
decom_navg: 35.602941
decom_nmax: 144
decom_nnzmin: 1
decom_nnzavg: 50.518382
decom_nnzmax: 222
totreplwgt: 290660
minpartwgt: 108456
avgpartwgt: 114684.015625
maxpartwgt: 118780
fincut: 0
finimbal: 0.035715
