inicut: 20877
iniimbal: 0.067450
replr: 0.100000
maxreplwgt: 75688
boun_cmin: 2
boun_cavg: 18.150794
boun_cmax: 36
boun_nmin: 4
boun_navg: 44.174603
boun_nmax: 97
boun_nnzmin: 8
boun_nnzavg: 69.476190
boun_nnzmax: 158
decom_cmin: 2
decom_cavg: 9.460317
decom_cmax: 12
decom_nmin: 4
decom_navg: 11.476190
decom_nmax: 30
decom_nnzmin: 3
decom_nnzavg: 10.698413
decom_nnzmax: 40
totreplwgt: 74024
minpartwgt: 6480
avgpartwgt: 6491.468750
maxpartwgt: 6504
fincut: 6481
finimbal: 0.001930
