inicut: 71904
iniimbal: 0.055314
replr: 0.100000
maxreplwgt: 2753206
boun_cmin: 1
boun_cavg: 26.842105
boun_cmax: 77
boun_nmin: 2
boun_navg: 50.086124
boun_nmax: 143
boun_nnzmin: 2
boun_nnzavg: 78.650718
boun_nnzmax: 258
decom_cmin: 1
decom_cavg: 26.842105
decom_cmax: 77
decom_nmin: 2
decom_navg: 50.086124
decom_nmax: 143
decom_nnzmin: 2
decom_nnzavg: 78.650718
decom_nnzmax: 258
totreplwgt: 2749792
minpartwgt: 118276
avgpartwgt: 118288.484375
maxpartwgt: 118300
fincut: 0
finimbal: 0.000097
