inicut: 71904
iniimbal: 0.055314
replr: 0.010000
maxreplwgt: 275320
boun_cmin: 1
boun_cavg: 23.908451
boun_cmax: 96
boun_nmin: 2
boun_navg: 47.823944
boun_nmax: 185
boun_nnzmin: 2
boun_nnzavg: 70.352113
boun_nnzmax: 337
decom_cmin: 1
decom_cavg: 19.014085
decom_cmax: 58
decom_nmin: 2
decom_navg: 34.091549
decom_nmax: 115
decom_nnzmin: 2
decom_nnzavg: 45.538732
decom_nnzmax: 181
totreplwgt: 275300
minpartwgt: 104376
avgpartwgt: 108622.500000
maxpartwgt: 113496
fincut: 139
finimbal: 0.044866
