inicut: 77832
iniimbal: 0.046072
replr: 0.010000
maxreplwgt: 290684
boun_cmin: 1
boun_cavg: 26.857143
boun_cmax: 101
boun_nmin: 2
boun_navg: 52.763066
boun_nmax: 228
boun_nnzmin: 2
boun_nnzavg: 78.376307
boun_nnzmax: 398
decom_cmin: 1
decom_cavg: 20.177700
decom_cmax: 68
decom_nmin: 2
decom_navg: 34.222997
decom_nmax: 132
decom_nnzmin: 2
decom_nnzavg: 45.721254
decom_nnzmax: 231
totreplwgt: 290684
minpartwgt: 108256
avgpartwgt: 114684.109375
maxpartwgt: 118780
fincut: 0
finimbal: 0.035715
