inicut: 72240
iniimbal: 0.105523
replr: 0.100000
maxreplwgt: 1099746
boun_cmin: 1
boun_cavg: 20.909871
boun_cmax: 86
boun_nmin: 1
boun_navg: 45.154506
boun_nmax: 187
boun_nnzmin: 1
boun_nnzavg: 68.682403
boun_nnzmax: 325
decom_cmin: 1
decom_cavg: 18.995708
decom_cmax: 59
decom_nmin: 1
decom_navg: 39.536481
decom_nmax: 135
decom_nnzmin: 1
decom_nnzavg: 57.442060
decom_nnzmax: 211
totreplwgt: 1097420
minpartwgt: 47228
avgpartwgt: 47245.656250
maxpartwgt: 47492
fincut: 366
finimbal: 0.005214
