inicut: 20877
iniimbal: 0.067450
replr: 0.100000
maxreplwgt: 75688
boun_cmin: 1
boun_cavg: 17.960317
boun_cmax: 34
boun_nmin: 3
boun_navg: 44.007937
boun_nmax: 87
boun_nnzmin: 3
boun_nnzavg: 69.087302
boun_nnzmax: 146
decom_cmin: 1
decom_cavg: 9.523810
decom_cmax: 12
decom_nmin: 3
decom_navg: 11.555556
decom_nmax: 30
decom_nnzmin: 3
decom_nnzavg: 10.492063
decom_nnzmax: 42
totreplwgt: 74124
minpartwgt: 6480
avgpartwgt: 6492.250000
maxpartwgt: 6504
fincut: 6871
finimbal: 0.001810
