inicut: 39633
iniimbal: 0.041952
replr: 0.100000
maxreplwgt: 246577
boun_cmin: 1
boun_cavg: 15.831776
boun_cmax: 45
boun_nmin: 1
boun_navg: 37.149533
boun_nmax: 102
boun_nnzmin: 1
boun_nnzavg: 56.598131
boun_nnzmax: 173
decom_cmin: 1
decom_cavg: 13.495327
decom_cmax: 32
decom_nmin: 1
decom_navg: 30.074766
decom_nmax: 76
decom_nnzmin: 1
decom_nnzavg: 43.616822
decom_nnzmax: 117
totreplwgt: 244760
minpartwgt: 21164
avgpartwgt: 21176.031250
maxpartwgt: 21188
fincut: 195
finimbal: 0.000565
