inicut: 44470
iniimbal: 0.926828
replr: 0.100000
maxreplwgt: 120690
boun_cmin: 1
boun_cavg: 12.853591
boun_cmax: 44
boun_nmin: 1
boun_navg: 31.058011
boun_nmax: 103
boun_nnzmin: 1
boun_nnzavg: 47.580110
boun_nnzmax: 180
decom_cmin: 1
decom_cavg: 6.665746
decom_cmax: 22
decom_nmin: 1
decom_navg: 10.795580
decom_nmax: 57
decom_nnzmin: 1
decom_nnzavg: 12.497238
decom_nnzmax: 91
totreplwgt: 120688
minpartwgt: 0
avgpartwgt: 5185.921875
maxpartwgt: 9084
fincut: 6354
finimbal: 0.751665
