inicut: 44304
iniimbal: 0.047039
replr: 0.010000
maxreplwgt: 275320
boun_cmin: 1
boun_cavg: 30.230769
boun_cmax: 109
boun_nmin: 1
boun_navg: 60.561538
boun_nmax: 178
boun_nnzmin: 1
boun_nnzavg: 87.215385
boun_nnzmax: 287
decom_cmin: 1
decom_cavg: 25.030769
decom_cmax: 62
decom_nmin: 1
decom_navg: 45.707692
decom_nmax: 126
decom_nnzmin: 1
decom_nnzavg: 61.807692
decom_nnzmax: 196
totreplwgt: 275300
minpartwgt: 207432
avgpartwgt: 217245.000000
maxpartwgt: 225212
fincut: 123
finimbal: 0.036673
