inicut: 24328
iniimbal: 0.081502
replr: 0.010000
maxreplwgt: 2528
boun_cmin: 1
boun_cavg: 5.243243
boun_cmax: 14
boun_nmin: 2
boun_navg: 13.351351
boun_nmax: 39
boun_nnzmin: 2
boun_nnzavg: 15.324324
boun_nnzmax: 51
decom_cmin: 1
decom_cavg: 4.864865
decom_cmax: 10
decom_nmin: 2
decom_navg: 10.837838
decom_nmax: 22
decom_nnzmin: 2
decom_nnzavg: 11.729730
decom_nnzmax: 26
totreplwgt: 2528
minpartwgt: 960
avgpartwgt: 997.390625
maxpartwgt: 1068
fincut: 23059
finimbal: 0.070794
