inicut: 71904
iniimbal: 0.055314
replr: 0.010000
maxreplwgt: 275320
boun_cmin: 1
boun_cavg: 23.890845
boun_cmax: 94
boun_nmin: 1
boun_navg: 47.750000
boun_nmax: 182
boun_nnzmin: 1
boun_nnzavg: 70.316901
boun_nnzmax: 331
decom_cmin: 1
decom_cavg: 19.119718
decom_cmax: 62
decom_nmin: 1
decom_navg: 34.390845
decom_nmax: 135
decom_nnzmin: 1
decom_nnzavg: 46.137324
decom_nnzmax: 211
totreplwgt: 275300
minpartwgt: 104376
avgpartwgt: 108622.500000
maxpartwgt: 113496
fincut: 109
finimbal: 0.044866
