inicut: 45089
iniimbal: 0.070373
replr: 0.010000
maxreplwgt: 109974
boun_cmin: 1
boun_cavg: 28.000000
boun_cmax: 96
boun_nmin: 2
boun_navg: 59.552000
boun_nmax: 208
boun_nnzmin: 3
boun_nnzavg: 90.000000
boun_nnzmax: 353
decom_cmin: 1
decom_cavg: 18.336000
decom_cmax: 49
decom_nmin: 2
decom_navg: 29.768000
decom_nmax: 111
decom_nnzmin: 3
decom_nnzavg: 36.928000
decom_nnzmax: 159
totreplwgt: 109964
minpartwgt: 81788
avgpartwgt: 86776.812500
maxpartwgt: 91964
fincut: 14041
finimbal: 0.059776
