inicut: 66437
iniimbal: 0.385393
replr: 0.100000
maxreplwgt: 246577
boun_cmin: 1
boun_cavg: 13.176259
boun_cmax: 50
boun_nmin: 1
boun_navg: 29.679856
boun_nmax: 125
boun_nnzmin: 1
boun_nnzavg: 46.899281
boun_nnzmax: 210
decom_cmin: 1
decom_cavg: 8.625899
decom_cmax: 20
decom_nmin: 1
decom_navg: 16.517986
decom_nmax: 48
decom_nnzmin: 1
decom_nnzavg: 22.694245
decom_nnzmax: 75
totreplwgt: 246576
minpartwgt: 10260
avgpartwgt: 10595.109375
maxpartwgt: 13344
fincut: 0
finimbal: 0.259449
