inicut: 15805
iniimbal: 0.045047
replr: 0.010000
maxreplwgt: 2528
boun_cmin: 1
boun_cavg: 7.341463
boun_cmax: 15
boun_nmin: 1
boun_navg: 18.585366
boun_nmax: 36
boun_nnzmin: 1
boun_nnzavg: 19.682927
boun_nnzmax: 50
decom_cmin: 1
decom_cavg: 6.975610
decom_cmax: 15
decom_nmin: 1
decom_navg: 14.512195
decom_nmax: 29
decom_nnzmin: 1
decom_nnzavg: 14.609756
decom_nnzmax: 29
totreplwgt: 2524
minpartwgt: 1952
avgpartwgt: 1994.750000
maxpartwgt: 2064
fincut: 14197
finimbal: 0.034716
