inicut: 45089
iniimbal: 0.070373
replr: 0.010000
maxreplwgt: 109974
boun_cmin: 1
boun_cavg: 27.879032
boun_cmax: 89
boun_nmin: 2
boun_navg: 59.225806
boun_nmax: 200
boun_nnzmin: 3
boun_nnzavg: 89.451613
boun_nnzmax: 332
decom_cmin: 1
decom_cavg: 18.145161
decom_cmax: 44
decom_nmin: 2
decom_navg: 29.056452
decom_nmax: 102
decom_nnzmin: 3
decom_nnzavg: 35.645161
decom_nnzmax: 143
totreplwgt: 109956
minpartwgt: 81788
avgpartwgt: 86776.750000
maxpartwgt: 91964
fincut: 13793
finimbal: 0.059777
