inicut: 50172
iniimbal: 0.052818
replr: 0.010000
maxreplwgt: 290684
boun_cmin: 1
boun_cavg: 31.976190
boun_cmax: 124
boun_nmin: 3
boun_navg: 63.134921
boun_nmax: 255
boun_nnzmin: 3
boun_nnzavg: 92.452381
boun_nnzmax: 433
decom_cmin: 1
decom_cavg: 27.571429
decom_cmax: 80
decom_nmin: 3
decom_navg: 49.658730
decom_nmax: 162
decom_nnzmin: 3
decom_nnzavg: 68.912698
decom_nnzmax: 277
totreplwgt: 290668
minpartwgt: 222600
avgpartwgt: 229368.093750
maxpartwgt: 239092
fincut: 0
finimbal: 0.042394
