inicut: 72240
iniimbal: 0.105523
replr: 0.010000
maxreplwgt: 109974
boun_cmin: 1
boun_cavg: 24.074713
boun_cmax: 89
boun_nmin: 2
boun_navg: 48.045977
boun_nmax: 195
boun_nnzmin: 2
boun_nnzavg: 76.252874
boun_nnzmax: 333
decom_cmin: 1
decom_cavg: 16.632184
decom_cmax: 51
decom_nmin: 2
decom_navg: 21.390805
decom_nmax: 53
decom_nnzmin: 2
decom_nnzavg: 26.379310
decom_nnzmax: 94
totreplwgt: 109972
minpartwgt: 37524
avgpartwgt: 43388.437500
maxpartwgt: 47492
fincut: 38861
finimbal: 0.094577
