inicut: 45089
iniimbal: 0.070373
replr: 0.010000
maxreplwgt: 109974
boun_cmin: 1
boun_cavg: 27.539683
boun_cmax: 91
boun_nmin: 2
boun_navg: 58.706349
boun_nmax: 203
boun_nnzmin: 2
boun_nnzavg: 88.619048
boun_nnzmax: 337
decom_cmin: 1
decom_cavg: 18.055556
decom_cmax: 44
decom_nmin: 2
decom_navg: 29.365079
decom_nmax: 102
decom_nnzmin: 2
decom_nnzavg: 36.214286
decom_nnzmax: 143
totreplwgt: 109968
minpartwgt: 81788
avgpartwgt: 86776.843750
maxpartwgt: 91964
fincut: 13661
finimbal: 0.059776
