inicut: 46231
iniimbal: 0.049589
replr: 0.010000
maxreplwgt: 155426
boun_cmin: 1
boun_cavg: 28.807143
boun_cmax: 69
boun_nmin: 2
boun_navg: 60.457143
boun_nmax: 162
boun_nnzmin: 2
boun_nnzavg: 86.357143
boun_nnzmax: 228
decom_cmin: 1
decom_cavg: 22.507143
decom_cmax: 56
decom_nmin: 2
decom_navg: 38.935714
decom_nmax: 119
decom_nnzmin: 2
decom_nnzavg: 51.028571
decom_nnzmax: 172
totreplwgt: 155424
minpartwgt: 115944
avgpartwgt: 122640.875000
maxpartwgt: 127448
fincut: 1450
finimbal: 0.039197
