inicut: 15805
iniimbal: 0.045047
replr: 0.010000
maxreplwgt: 2528
boun_cmin: 1
boun_cavg: 7.588235
boun_cmax: 15
boun_nmin: 1
boun_navg: 19.191176
boun_nmax: 36
boun_nnzmin: 1
boun_nnzavg: 20.455882
boun_nnzmax: 50
decom_cmin: 1
decom_cavg: 5.911765
decom_cmax: 6
decom_nmin: 1
decom_navg: 5.911765
decom_nmax: 6
decom_nnzmin: 1
decom_nnzavg: 3.308824
decom_nnzmax: 7
totreplwgt: 2504
minpartwgt: 1884
avgpartwgt: 1994.593750
maxpartwgt: 2064
fincut: 14770
finimbal: 0.034797
