inicut: 71904
iniimbal: 0.055314
replr: 0.010000
maxreplwgt: 275320
boun_cmin: 1
boun_cavg: 23.932624
boun_cmax: 93
boun_nmin: 2
boun_navg: 47.953901
boun_nmax: 182
boun_nnzmin: 2
boun_nnzavg: 70.439716
boun_nnzmax: 328
decom_cmin: 1
decom_cavg: 19.145390
decom_cmax: 58
decom_nmin: 2
decom_navg: 34.581560
decom_nmax: 127
decom_nnzmin: 2
decom_nnzavg: 46.319149
decom_nnzmax: 197
totreplwgt: 275300
minpartwgt: 104376
avgpartwgt: 108622.500000
maxpartwgt: 113496
fincut: 27
finimbal: 0.044866
