inicut: 298092
iniimbal: 0.062517
replr: 0.100000
maxreplwgt: 9227
boun_cmin: 8
boun_cavg: 330.014286
boun_cmax: 6739
boun_nmin: 1
boun_navg: 434.750000
boun_nmax: 14686
boun_nnzmin: 8
boun_nnzavg: 2055.835714
boun_nnzmax: 29919
decom_cmin: 8
decom_cavg: 93.378571
decom_cmax: 151
decom_nmin: 1
decom_navg: 77.657143
decom_nmax: 151
decom_nnzmin: 8
decom_nnzavg: 158.207143
decom_nnzmax: 1482
totreplwgt: 9097
minpartwgt: 396
avgpartwgt: 396.000000
maxpartwgt: 396
fincut: 295589
finimbal: 0.000000
