inicut: 71645
iniimbal: 0.065071
replr: 0.010000
maxreplwgt: 155426
boun_cmin: 1
boun_cavg: 26.275132
boun_cmax: 69
boun_nmin: 2
boun_navg: 54.142857
boun_nmax: 138
boun_nnzmin: 2
boun_nnzavg: 77.809524
boun_nnzmax: 216
decom_cmin: 1
decom_cavg: 17.253968
decom_cmax: 47
decom_nmin: 2
decom_navg: 25.566138
decom_nmax: 94
decom_nnzmin: 2
decom_nnzavg: 29.105820
decom_nnzmax: 144
totreplwgt: 155424
minpartwgt: 58324
avgpartwgt: 61320.437500
maxpartwgt: 64664
fincut: 27182
finimbal: 0.054526
