inicut: 71904
iniimbal: 0.055314
replr: 0.010000
maxreplwgt: 275320
boun_cmin: 1
boun_cavg: 25.286765
boun_cmax: 97
boun_nmin: 2
boun_navg: 47.705882
boun_nmax: 189
boun_nnzmin: 2
boun_nnzavg: 74.819853
boun_nnzmax: 341
decom_cmin: 1
decom_cavg: 21.264706
decom_cmax: 62
decom_nmin: 2
decom_navg: 34.003676
decom_nmax: 117
decom_nnzmin: 2
decom_nnzavg: 49.191176
decom_nnzmax: 181
totreplwgt: 275296
minpartwgt: 103540
avgpartwgt: 108622.484375
maxpartwgt: 113496
fincut: 1063
finimbal: 0.044867
