inicut: 71904
iniimbal: 0.055314
replr: 0.010000
maxreplwgt: 275320
boun_cmin: 1
boun_cavg: 24.181495
boun_cmax: 92
boun_nmin: 2
boun_navg: 48.469751
boun_nmax: 179
boun_nnzmin: 2
boun_nnzavg: 71.202847
boun_nnzmax: 325
decom_cmin: 1
decom_cavg: 19.377224
decom_cmax: 58
decom_nmin: 2
decom_navg: 35.017794
decom_nmax: 116
decom_nnzmin: 2
decom_nnzavg: 47.039146
decom_nnzmax: 182
totreplwgt: 275308
minpartwgt: 104376
avgpartwgt: 108622.531250
maxpartwgt: 113496
fincut: 0
finimbal: 0.044866
