inicut: 72240
iniimbal: 0.105523
replr: 0.010000
maxreplwgt: 109974
boun_cmin: 1
boun_cavg: 24.481283
boun_cmax: 89
boun_nmin: 2
boun_navg: 50.315508
boun_nmax: 195
boun_nnzmin: 2
boun_nnzavg: 76.855615
boun_nnzmax: 333
decom_cmin: 1
decom_cavg: 14.534759
decom_cmax: 29
decom_nmin: 2
decom_navg: 20.048128
decom_nmax: 62
decom_nnzmin: 2
decom_nnzavg: 22.032086
decom_nnzmax: 98
totreplwgt: 109968
minpartwgt: 37404
avgpartwgt: 43388.421875
maxpartwgt: 47492
fincut: 41277
finimbal: 0.094578
