inicut: 50172
iniimbal: 0.052818
replr: 0.010000
maxreplwgt: 290684
boun_cmin: 2
boun_cavg: 31.714286
boun_cmax: 110
boun_nmin: 4
boun_navg: 62.642857
boun_nmax: 222
boun_nnzmin: 5
boun_nnzavg: 91.658730
boun_nnzmax: 382
decom_cmin: 2
decom_cavg: 27.412698
decom_cmax: 78
decom_nmin: 4
decom_navg: 49.388889
decom_nmax: 154
decom_nnzmin: 5
decom_nnzavg: 68.420635
decom_nnzmax: 273
totreplwgt: 290664
minpartwgt: 222764
avgpartwgt: 229368.062500
maxpartwgt: 239092
fincut: 0
finimbal: 0.042394
