inicut: 35246
iniimbal: 0.045804
replr: 0.100000
maxreplwgt: 75688
boun_cmin: 2
boun_cavg: 16.843750
boun_cmax: 35
boun_nmin: 8
boun_navg: 40.335938
boun_nmax: 83
boun_nnzmin: 8
boun_nnzavg: 63.847656
boun_nnzmax: 147
decom_cmin: 2
decom_cavg: 8.832031
decom_cmax: 9
decom_nmin: 8
decom_navg: 9.218750
decom_nmax: 21
decom_nnzmin: 2
decom_nnzavg: 6.585938
decom_nnzmax: 25
totreplwgt: 73048
minpartwgt: 3228
avgpartwgt: 3241.921875
maxpartwgt: 3252
fincut: 22331
finimbal: 0.003109
