inicut: 71645
iniimbal: 0.065071
replr: 0.010000
maxreplwgt: 155426
boun_cmin: 1
boun_cavg: 26.057895
boun_cmax: 69
boun_nmin: 2
boun_navg: 53.705263
boun_nmax: 131
boun_nnzmin: 2
boun_nnzavg: 77.147368
boun_nnzmax: 226
decom_cmin: 1
decom_cavg: 17.331579
decom_cmax: 58
decom_nmin: 2
decom_navg: 25.784211
decom_nmax: 110
decom_nnzmin: 2
decom_nnzavg: 29.405263
decom_nnzmax: 175
totreplwgt: 155420
minpartwgt: 58616
avgpartwgt: 61320.421875
maxpartwgt: 64664
fincut: 26841
finimbal: 0.054526
