inicut: 27834
iniimbal: 0.243402
replr: 0.100000
maxreplwgt: 120690
boun_cmin: 1
boun_cavg: 14.246667
boun_cmax: 45
boun_nmin: 2
boun_navg: 35.093333
boun_nmax: 102
boun_nnzmin: 2
boun_nnzavg: 54.620000
boun_nnzmax: 188
decom_cmin: 1
decom_cavg: 9.600000
decom_cmax: 24
decom_nmin: 2
decom_navg: 19.206667
decom_nmax: 61
decom_nnzmin: 2
decom_nnzavg: 25.653333
decom_nnzmax: 103
totreplwgt: 120672
minpartwgt: 9800
avgpartwgt: 10371.718750
maxpartwgt: 11724
fincut: 337
finimbal: 0.130382
