inicut: 35246
iniimbal: 0.045804
replr: 0.010000
maxreplwgt: 7568
boun_cmin: 1
boun_cavg: 9.139860
boun_cmax: 23
boun_nmin: 1
boun_navg: 20.895105
boun_nmax: 56
boun_nnzmin: 1
boun_nnzavg: 23.622378
boun_nnzmax: 70
decom_cmin: 1
decom_cavg: 6.636364
decom_cmax: 7
decom_nmin: 1
decom_navg: 6.762238
decom_nmax: 12
decom_nnzmin: 1
decom_nnzavg: 4.048951
decom_nnzmax: 15
totreplwgt: 7568
minpartwgt: 2880
avgpartwgt: 2986.140625
maxpartwgt: 3092
fincut: 33123
finimbal: 0.035450
