inicut: 20877
iniimbal: 0.067450
replr: 0.010000
maxreplwgt: 7568
boun_cmin: 6
boun_cavg: 17.480769
boun_cmax: 33
boun_nmin: 11
boun_navg: 40.980769
boun_nmax: 86
boun_nnzmin: 11
boun_nnzavg: 56.961538
boun_nnzmax: 136
decom_cmin: 6
decom_cavg: 17.480769
decom_cmax: 33
decom_nmin: 11
decom_navg: 20.365385
decom_nmax: 33
decom_nnzmin: 11
decom_nnzavg: 22.307692
decom_nnzmax: 37
totreplwgt: 7560
minpartwgt: 5696
avgpartwgt: 5972.218750
maxpartwgt: 6312
fincut: 17511
finimbal: 0.056894
