inicut: 71904
iniimbal: 0.055314
replr: 0.010000
maxreplwgt: 275320
boun_cmin: 1
boun_cavg: 25.592157
boun_cmax: 83
boun_nmin: 2
boun_navg: 46.129412
boun_nmax: 166
boun_nnzmin: 2
boun_nnzavg: 75.509804
boun_nnzmax: 297
decom_cmin: 1
decom_cavg: 22.211765
decom_cmax: 71
decom_nmin: 2
decom_navg: 35.400000
decom_nmax: 129
decom_nnzmin: 2
decom_nnzavg: 54.713725
decom_nnzmax: 218
totreplwgt: 275316
minpartwgt: 103868
avgpartwgt: 108622.562500
maxpartwgt: 113496
fincut: 4939
finimbal: 0.044866
