inicut: 298092
iniimbal: 0.062517
replr: 0.100000
maxreplwgt: 9227
boun_cmin: 8
boun_cavg: 338.073529
boun_cmax: 6739
boun_nmin: 1
boun_navg: 446.257353
boun_nmax: 14686
boun_nnzmin: 8
boun_nnzavg: 2113.433824
boun_nnzmax: 29919
decom_cmin: 8
decom_cavg: 93.007353
decom_cmax: 151
decom_nmin: 1
decom_navg: 76.014706
decom_nmax: 151
decom_nnzmin: 8
decom_nnzavg: 166.286765
decom_nnzmax: 1504
totreplwgt: 9097
minpartwgt: 396
avgpartwgt: 396.000000
maxpartwgt: 396
fincut: 295604
finimbal: 0.000000
