inicut: 24328
iniimbal: 0.081502
replr: 0.100000
maxreplwgt: 25280
boun_cmin: 1
boun_cavg: 6.792829
boun_cmax: 16
boun_nmin: 3
boun_navg: 16.462151
boun_nmax: 36
boun_nnzmin: 3
boun_nnzavg: 19.043825
boun_nnzmax: 52
decom_cmin: 1
decom_cavg: 6.414343
decom_cmax: 13
decom_nmin: 3
decom_navg: 14.051793
decom_nmax: 27
decom_nnzmin: 3
decom_nnzavg: 15.549801
decom_nnzmax: 29
totreplwgt: 22236
minpartwgt: 1060
avgpartwgt: 1074.375000
maxpartwgt: 1084
fincut: 12926
finimbal: 0.008959
