inicut: 50172
iniimbal: 0.052818
replr: 0.100000
maxreplwgt: 2906844
boun_cmin: 1
boun_cavg: 30.097345
boun_cmax: 94
boun_nmin: 2
boun_navg: 61.407080
boun_nmax: 203
boun_nnzmin: 3
boun_nnzavg: 85.442478
boun_nnzmax: 302
decom_cmin: 1
decom_cavg: 30.097345
decom_cmax: 94
decom_nmin: 2
decom_navg: 61.407080
decom_nmax: 203
decom_nnzmin: 3
decom_nnzavg: 85.442478
decom_nnzmax: 302
totreplwgt: 2904884
minpartwgt: 249780
avgpartwgt: 249791.656250
maxpartwgt: 249804
fincut: 0
finimbal: 0.000049
