inicut: 50172
iniimbal: 0.052818
replr: 0.010000
maxreplwgt: 290684
boun_cmin: 2
boun_cavg: 32.222222
boun_cmax: 110
boun_nmin: 5
boun_navg: 63.833333
boun_nmax: 223
boun_nnzmin: 5
boun_nnzavg: 93.515873
boun_nnzmax: 379
decom_cmin: 2
decom_cavg: 27.706349
decom_cmax: 98
decom_nmin: 5
decom_navg: 50.150794
decom_nmax: 198
decom_nnzmin: 5
decom_nnzavg: 69.563492
decom_nnzmax: 335
totreplwgt: 290684
minpartwgt: 222764
avgpartwgt: 229368.218750
maxpartwgt: 239092
fincut: 0
finimbal: 0.042394
