inicut: 50172
iniimbal: 0.052818
replr: 0.010000
maxreplwgt: 290684
boun_cmin: 2
boun_cavg: 32.096774
boun_cmax: 116
boun_nmin: 5
boun_navg: 63.443548
boun_nmax: 236
boun_nnzmin: 5
boun_nnzavg: 92.782258
boun_nnzmax: 402
decom_cmin: 2
decom_cavg: 27.838710
decom_cmax: 73
decom_nmin: 5
decom_navg: 50.120968
decom_nmax: 153
decom_nnzmin: 5
decom_nnzavg: 69.548387
decom_nnzmax: 246
totreplwgt: 290664
minpartwgt: 222764
avgpartwgt: 229368.062500
maxpartwgt: 239092
fincut: 0
finimbal: 0.042394
