inicut: 66437
iniimbal: 0.385393
replr: 0.100000
maxreplwgt: 246577
boun_cmin: 1
boun_cavg: 13.193309
boun_cmax: 50
boun_nmin: 1
boun_navg: 29.706320
boun_nmax: 108
boun_nnzmin: 1
boun_nnzavg: 46.665428
boun_nnzmax: 185
decom_cmin: 1
decom_cavg: 8.828996
decom_cmax: 29
decom_nmin: 1
decom_navg: 17.081784
decom_nmax: 73
decom_nnzmin: 1
decom_nnzavg: 23.513011
decom_nnzmax: 115
totreplwgt: 246564
minpartwgt: 10300
avgpartwgt: 10595.062500
maxpartwgt: 13344
fincut: 0
finimbal: 0.259455
