inicut: 27834
iniimbal: 0.243402
replr: 0.100000
maxreplwgt: 120690
boun_cmin: 1
boun_cavg: 13.909091
boun_cmax: 50
boun_nmin: 1
boun_navg: 32.643357
boun_nmax: 109
boun_nnzmin: 1
boun_nnzavg: 52.727273
boun_nnzmax: 200
decom_cmin: 1
decom_cavg: 10.083916
decom_cmax: 26
decom_nmin: 1
decom_navg: 16.930070
decom_nmax: 55
decom_nnzmin: 1
decom_nnzavg: 23.118881
decom_nnzmax: 73
totreplwgt: 120688
minpartwgt: 9908
avgpartwgt: 10371.843750
maxpartwgt: 11724
fincut: 230
finimbal: 0.130368
