inicut: 92628
iniimbal: 0.156455
replr: 0.010000
maxreplwgt: 319369
boun_cmin: 1
boun_cavg: 25.333333
boun_cmax: 90
boun_nmin: 1
boun_navg: 48.782609
boun_nmax: 200
boun_nnzmin: 1
boun_nnzavg: 74.050725
boun_nnzmax: 326
decom_cmin: 1
decom_cavg: 19.891304
decom_cmax: 76
decom_nmin: 1
decom_navg: 34.188406
decom_nmax: 162
decom_nnzmin: 1
decom_nnzavg: 46.981884
decom_nnzmax: 277
totreplwgt: 319364
minpartwgt: 104948
avgpartwgt: 126001.187500
maxpartwgt: 144272
fincut: 0
finimbal: 0.145005
