inicut: 45089
iniimbal: 0.070373
replr: 0.010000
maxreplwgt: 109974
boun_cmin: 1
boun_cavg: 27.642857
boun_cmax: 85
boun_nmin: 2
boun_navg: 59.015873
boun_nmax: 191
boun_nnzmin: 3
boun_nnzavg: 88.658730
boun_nnzmax: 320
decom_cmin: 1
decom_cavg: 18.452381
decom_cmax: 48
decom_nmin: 2
decom_navg: 30.396825
decom_nmax: 122
decom_nnzmin: 3
decom_nnzavg: 37.452381
decom_nnzmax: 165
totreplwgt: 109952
minpartwgt: 82028
avgpartwgt: 86776.718750
maxpartwgt: 91964
fincut: 13837
finimbal: 0.059777
