inicut: 20877
iniimbal: 0.067450
replr: 0.100000
maxreplwgt: 75688
boun_cmin: 2
boun_cavg: 18.385827
boun_cmax: 37
boun_nmin: 3
boun_navg: 44.795276
boun_nmax: 88
boun_nnzmin: 6
boun_nnzavg: 70.795276
boun_nnzmax: 154
decom_cmin: 2
decom_cavg: 9.511811
decom_cmax: 15
decom_nmin: 3
decom_navg: 11.330709
decom_nmax: 35
decom_nnzmin: 3
decom_nnzavg: 10.141732
decom_nnzmax: 50
totreplwgt: 74176
minpartwgt: 6480
avgpartwgt: 6492.656250
maxpartwgt: 6504
fincut: 7053
finimbal: 0.001747
