inicut: 71645
iniimbal: 0.065071
replr: 0.010000
maxreplwgt: 155426
boun_cmin: 1
boun_cavg: 28.104046
boun_cmax: 72
boun_nmin: 2
boun_navg: 55.572254
boun_nmax: 146
boun_nnzmin: 2
boun_nnzavg: 83.526012
boun_nnzmax: 249
decom_cmin: 1
decom_cavg: 21.213873
decom_cmax: 50
decom_nmin: 2
decom_navg: 29.092486
decom_nmax: 97
decom_nnzmin: 2
decom_nnzavg: 36.739884
decom_nnzmax: 160
totreplwgt: 155424
minpartwgt: 58632
avgpartwgt: 61320.437500
maxpartwgt: 64664
fincut: 25038
finimbal: 0.054526
