inicut: 71645
iniimbal: 0.065071
replr: 0.010000
maxreplwgt: 155426
boun_cmin: 1
boun_cavg: 26.146597
boun_cmax: 68
boun_nmin: 2
boun_navg: 53.827225
boun_nmax: 131
boun_nnzmin: 2
boun_nnzavg: 77.172775
boun_nnzmax: 210
decom_cmin: 1
decom_cavg: 17.130890
decom_cmax: 48
decom_nmin: 2
decom_navg: 25.518325
decom_nmax: 95
decom_nnzmin: 2
decom_nnzavg: 29.287958
decom_nnzmax: 149
totreplwgt: 155420
minpartwgt: 58588
avgpartwgt: 61320.421875
maxpartwgt: 64664
fincut: 27017
finimbal: 0.054526
