inicut: 20877
iniimbal: 0.067450
replr: 0.100000
maxreplwgt: 75688
boun_cmin: 2
boun_cavg: 17.904762
boun_cmax: 37
boun_nmin: 3
boun_navg: 43.642857
boun_nmax: 100
boun_nnzmin: 6
boun_nnzavg: 68.714286
boun_nnzmax: 153
decom_cmin: 2
decom_cavg: 9.500000
decom_cmax: 13
decom_nmin: 3
decom_navg: 11.595238
decom_nmax: 34
decom_nnzmin: 3
decom_nnzavg: 11.031746
decom_nnzmax: 45
totreplwgt: 74272
minpartwgt: 6480
avgpartwgt: 6493.406250
maxpartwgt: 6504
fincut: 6602
finimbal: 0.001631
