inicut: 71904
iniimbal: 0.055314
replr: 0.010000
maxreplwgt: 275320
boun_cmin: 1
boun_cavg: 24.056537
boun_cmax: 90
boun_nmin: 2
boun_navg: 48.042403
boun_nmax: 177
boun_nnzmin: 2
boun_nnzavg: 70.749117
boun_nnzmax: 315
decom_cmin: 1
decom_cavg: 19.042403
decom_cmax: 58
decom_nmin: 2
decom_navg: 33.982332
decom_nmax: 111
decom_nnzmin: 2
decom_nnzavg: 45.371025
decom_nnzmax: 167
totreplwgt: 275312
minpartwgt: 104232
avgpartwgt: 108622.546875
maxpartwgt: 113496
fincut: 0
finimbal: 0.044866
