inicut: 27834
iniimbal: 0.243402
replr: 0.010000
maxreplwgt: 12069
boun_cmin: 4
boun_cavg: 15.555556
boun_cmax: 33
boun_nmin: 10
boun_navg: 39.444444
boun_nmax: 88
boun_nnzmin: 10
boun_nnzavg: 53.044444
boun_nnzmax: 132
decom_cmin: 4
decom_cavg: 11.644444
decom_cmax: 21
decom_nmin: 6
decom_navg: 14.466667
decom_nmax: 47
decom_nnzmin: 6
decom_nnzavg: 15.577778
decom_nnzmax: 70
totreplwgt: 12056
minpartwgt: 7500
avgpartwgt: 9523.156250
maxpartwgt: 11724
fincut: 22373
finimbal: 0.231104
