inicut: 44470
iniimbal: 0.926828
replr: 0.010000
maxreplwgt: 12069
boun_cmin: 1
boun_cavg: 12.289062
boun_cmax: 31
boun_nmin: 1
boun_navg: 28.234375
boun_nmax: 87
boun_nnzmin: 1
boun_nnzavg: 37.398438
boun_nnzmax: 107
decom_cmin: 1
decom_cavg: 8.554688
decom_cmax: 19
decom_nmin: 1
decom_navg: 9.820312
decom_nmax: 44
decom_nnzmin: 1
decom_nnzavg: 6.906250
decom_nnzmax: 55
totreplwgt: 12068
minpartwgt: 0
avgpartwgt: 4761.625000
maxpartwgt: 9084
fincut: 40382
finimbal: 0.907752
