inicut: 39633
iniimbal: 0.041952
replr: 0.010000
maxreplwgt: 24657
boun_cmin: 1
boun_cavg: 20.444444
boun_cmax: 73
boun_nmin: 1
boun_navg: 44.027778
boun_nmax: 155
boun_nnzmin: 1
boun_nnzavg: 68.597222
boun_nnzmax: 278
decom_cmin: 1
decom_cavg: 13.041667
decom_cmax: 40
decom_nmin: 1
decom_navg: 14.527778
decom_nmax: 40
decom_nnzmin: 1
decom_nnzavg: 15.361111
decom_nnzmax: 44
totreplwgt: 24644
minpartwgt: 18572
avgpartwgt: 19456.375000
maxpartwgt: 20072
fincut: 25745
finimbal: 0.031641
