inicut: 39633
iniimbal: 0.041952
replr: 0.100000
maxreplwgt: 246577
boun_cmin: 1
boun_cavg: 15.386792
boun_cmax: 43
boun_nmin: 1
boun_navg: 36.377358
boun_nmax: 102
boun_nnzmin: 1
boun_nnzavg: 55.000000
boun_nnzmax: 169
decom_cmin: 1
decom_cavg: 13.952830
decom_cmax: 32
decom_nmin: 1
decom_navg: 30.358491
decom_nmax: 76
decom_nnzmin: 1
decom_nnzavg: 43.716981
decom_nnzmax: 117
totreplwgt: 244748
minpartwgt: 21164
avgpartwgt: 21175.937500
maxpartwgt: 21188
fincut: 29
finimbal: 0.000570
