inicut: 35246
iniimbal: 0.045804
replr: 0.010000
maxreplwgt: 7568
boun_cmin: 1
boun_cavg: 9.294872
boun_cmax: 21
boun_nmin: 1
boun_navg: 21.506410
boun_nmax: 56
boun_nnzmin: 1
boun_nnzavg: 24.564103
boun_nnzmax: 70
decom_cmin: 1
decom_cavg: 6.685897
decom_cmax: 7
decom_nmin: 1
decom_navg: 6.750000
decom_nmax: 7
decom_nnzmin: 1
decom_nnzavg: 3.961538
decom_nnzmax: 8
totreplwgt: 7564
minpartwgt: 2864
avgpartwgt: 2986.125000
maxpartwgt: 3092
fincut: 33160
finimbal: 0.035456
