inicut: 77832
iniimbal: 0.046072
replr: 0.010000
maxreplwgt: 290684
boun_cmin: 1
boun_cavg: 26.697917
boun_cmax: 99
boun_nmin: 2
boun_navg: 52.506944
boun_nmax: 221
boun_nnzmin: 2
boun_nnzavg: 77.756944
boun_nnzmax: 384
decom_cmin: 1
decom_cavg: 19.961806
decom_cmax: 61
decom_nmin: 2
decom_navg: 33.659722
decom_nmax: 133
decom_nnzmin: 2
decom_nnzavg: 44.732639
decom_nnzmax: 245
totreplwgt: 290664
minpartwgt: 109236
avgpartwgt: 114684.031250
maxpartwgt: 118780
fincut: 0
finimbal: 0.035715
