inicut: 24003
iniimbal: 7.766116
replr: 0.010000
maxreplwgt: 23124
boun_cmin: 1
boun_cavg: 77.991597
boun_cmax: 1677
boun_nmin: 1
boun_navg: 38.168067
boun_nmax: 341
boun_nnzmin: 1
boun_nnzavg: 112.966387
boun_nnzmax: 2530
decom_cmin: 1
decom_cavg: 39.756303
decom_cmax: 1677
decom_nmin: 1
decom_navg: 21.773109
decom_nmax: 78
decom_nnzmin: 1
decom_nnzavg: 65.092437
decom_nnzmax: 2530
totreplwgt: 23124
minpartwgt: 83
avgpartwgt: 9123.519531
maxpartwgt: 79186
fincut: 23169
finimbal: 7.679326
