inicut: 50172
iniimbal: 0.052818
replr: 0.010000
maxreplwgt: 290684
boun_cmin: 2
boun_cavg: 31.226562
boun_cmax: 117
boun_nmin: 2
boun_navg: 61.546875
boun_nmax: 239
boun_nnzmin: 4
boun_nnzavg: 90.070312
boun_nnzmax: 405
decom_cmin: 2
decom_cavg: 27.164062
decom_cmax: 71
decom_nmin: 2
decom_navg: 48.828125
decom_nmax: 145
decom_nnzmin: 4
decom_nnzavg: 67.757812
decom_nnzmax: 235
totreplwgt: 290660
minpartwgt: 222764
avgpartwgt: 229368.031250
maxpartwgt: 239092
fincut: 0
finimbal: 0.042395
