inicut: 44470
iniimbal: 0.926828
replr: 0.100000
maxreplwgt: 120690
boun_cmin: 1
boun_cavg: 12.873973
boun_cmax: 44
boun_nmin: 1
boun_navg: 31.156164
boun_nmax: 103
boun_nnzmin: 1
boun_nnzavg: 47.679452
boun_nnzmax: 180
decom_cmin: 1
decom_cavg: 6.731507
decom_cmax: 24
decom_nmin: 1
decom_navg: 11.161644
decom_nmax: 60
decom_nnzmin: 1
decom_nnzavg: 13.120548
decom_nnzmax: 97
totreplwgt: 120688
minpartwgt: 0
avgpartwgt: 5185.921875
maxpartwgt: 9084
fincut: 6314
finimbal: 0.751665
