inicut: 45089
iniimbal: 0.070373
replr: 0.010000
maxreplwgt: 109974
boun_cmin: 1
boun_cavg: 29.230769
boun_cmax: 103
boun_nmin: 1
boun_navg: 58.375000
boun_nmax: 220
boun_nnzmin: 1
boun_nnzavg: 95.326923
boun_nnzmax: 425
decom_cmin: 1
decom_cavg: 22.750000
decom_cmax: 70
decom_nmin: 1
decom_navg: 34.557692
decom_nmax: 136
decom_nnzmin: 1
decom_nnzavg: 50.423077
decom_nnzmax: 265
totreplwgt: 109972
minpartwgt: 82924
avgpartwgt: 86776.875000
maxpartwgt: 91964
fincut: 16348
finimbal: 0.059775
