inicut: 27834
iniimbal: 0.243402
replr: 0.100000
maxreplwgt: 120690
boun_cmin: 1
boun_cavg: 14.482993
boun_cmax: 44
boun_nmin: 2
boun_navg: 35.925170
boun_nmax: 108
boun_nnzmin: 2
boun_nnzavg: 55.721088
boun_nnzmax: 195
decom_cmin: 1
decom_cavg: 9.761905
decom_cmax: 21
decom_nmin: 2
decom_navg: 19.802721
decom_nmax: 58
decom_nnzmin: 2
decom_nnzavg: 26.544218
decom_nnzmax: 88
totreplwgt: 120688
minpartwgt: 9892
avgpartwgt: 10371.843750
maxpartwgt: 11724
fincut: 308
finimbal: 0.130368
