inicut: 15805
iniimbal: 0.045047
replr: 0.010000
maxreplwgt: 2528
boun_cmin: 1
boun_cavg: 7.507937
boun_cmax: 15
boun_nmin: 1
boun_navg: 18.904762
boun_nmax: 37
boun_nnzmin: 1
boun_nnzavg: 20.238095
boun_nnzmax: 50
decom_cmin: 1
decom_cavg: 5.825397
decom_cmax: 6
decom_nmin: 1
decom_navg: 5.873016
decom_nmax: 6
decom_nnzmin: 1
decom_nnzavg: 3.349206
decom_nnzmax: 6
totreplwgt: 2508
minpartwgt: 1884
avgpartwgt: 1994.625000
maxpartwgt: 2064
fincut: 14793
finimbal: 0.034781
