inicut: 46231
iniimbal: 0.049589
replr: 0.010000
maxreplwgt: 155426
boun_cmin: 1
boun_cavg: 29.367647
boun_cmax: 80
boun_nmin: 3
boun_navg: 61.698529
boun_nmax: 183
boun_nnzmin: 3
boun_nnzavg: 88.433824
boun_nnzmax: 266
decom_cmin: 1
decom_cavg: 22.647059
decom_cmax: 56
decom_nmin: 3
decom_navg: 39.338235
decom_nmax: 119
decom_nnzmin: 3
decom_nnzavg: 51.213235
decom_nnzmax: 172
totreplwgt: 155404
minpartwgt: 115944
avgpartwgt: 122640.718750
maxpartwgt: 127448
fincut: 1604
finimbal: 0.039198
