inicut: 77832
iniimbal: 0.046072
replr: 0.010000
maxreplwgt: 290684
boun_cmin: 1
boun_cavg: 26.873684
boun_cmax: 99
boun_nmin: 2
boun_navg: 53.045614
boun_nmax: 224
boun_nnzmin: 2
boun_nnzavg: 78.484211
boun_nnzmax: 390
decom_cmin: 1
decom_cavg: 19.968421
decom_cmax: 69
decom_nmin: 2
decom_navg: 33.687719
decom_nmax: 131
decom_nnzmin: 2
decom_nnzavg: 44.185965
decom_nnzmax: 230
totreplwgt: 290672
minpartwgt: 109988
avgpartwgt: 114684.062500
maxpartwgt: 118780
fincut: 0
finimbal: 0.035715
