inicut: 39633
iniimbal: 0.041952
replr: 0.010000
maxreplwgt: 24657
boun_cmin: 1
boun_cavg: 20.156627
boun_cmax: 73
boun_nmin: 1
boun_navg: 44.746988
boun_nmax: 155
boun_nnzmin: 1
boun_nnzavg: 68.349398
boun_nnzmax: 278
decom_cmin: 1
decom_cavg: 11.445783
decom_cmax: 12
decom_nmin: 1
decom_navg: 12.156627
decom_nmax: 30
decom_nnzmin: 1
decom_nnzavg: 8.638554
decom_nnzmax: 36
totreplwgt: 24640
minpartwgt: 18680
avgpartwgt: 19456.343750
maxpartwgt: 20072
fincut: 29265
finimbal: 0.031643
