inicut: 72240
iniimbal: 0.105523
replr: 0.010000
maxreplwgt: 109974
boun_cmin: 1
boun_cavg: 24.637838
boun_cmax: 89
boun_nmin: 3
boun_navg: 50.605405
boun_nmax: 195
boun_nnzmin: 3
boun_nnzavg: 77.318919
boun_nnzmax: 333
decom_cmin: 1
decom_cavg: 14.881081
decom_cmax: 31
decom_nmin: 3
decom_navg: 20.891892
decom_nmax: 70
decom_nnzmin: 3
decom_nnzavg: 22.670270
decom_nnzmax: 98
totreplwgt: 109972
minpartwgt: 37404
avgpartwgt: 43388.437500
maxpartwgt: 47492
fincut: 40936
finimbal: 0.094577
