inicut: 20877
iniimbal: 0.067450
replr: 0.010000
maxreplwgt: 7568
boun_cmin: 2
boun_cavg: 18.616438
boun_cmax: 38
boun_nmin: 10
boun_navg: 43.958904
boun_nmax: 100
boun_nnzmin: 10
boun_nnzavg: 62.876712
boun_nnzmax: 165
decom_cmin: 2
decom_cavg: 11.698630
decom_cmax: 12
decom_nmin: 10
decom_navg: 12.068493
decom_nmax: 20
decom_nnzmin: 2
decom_nnzavg: 7.109589
decom_nnzmax: 20
totreplwgt: 7560
minpartwgt: 5724
avgpartwgt: 5972.218750
maxpartwgt: 6312
fincut: 18853
finimbal: 0.056894
