inicut: 39633
iniimbal: 0.041952
replr: 0.010000
maxreplwgt: 24657
boun_cmin: 1
boun_cavg: 20.875000
boun_cmax: 71
boun_nmin: 1
boun_navg: 46.087500
boun_nmax: 150
boun_nnzmin: 1
boun_nnzavg: 70.500000
boun_nnzmax: 269
decom_cmin: 1
decom_cavg: 11.512500
decom_cmax: 12
decom_nmin: 1
decom_navg: 12.350000
decom_nmax: 30
decom_nnzmin: 1
decom_nnzavg: 8.900000
decom_nnzmax: 36
totreplwgt: 24632
minpartwgt: 18680
avgpartwgt: 19456.281250
maxpartwgt: 20072
fincut: 29320
finimbal: 0.031646
