inicut: 59526
iniimbal: 0.061243
replr: 0.010000
maxreplwgt: 319369
boun_cmin: 1
boun_cavg: 31.472000
boun_cmax: 101
boun_nmin: 2
boun_navg: 60.440000
boun_nmax: 182
boun_nnzmin: 2
boun_nnzavg: 91.984000
boun_nnzmax: 319
decom_cmin: 1
decom_cavg: 25.208000
decom_cmax: 95
decom_nmin: 2
decom_navg: 44.544000
decom_nmax: 175
decom_nnzmin: 2
decom_nnzavg: 62.344000
decom_nnzmax: 284
totreplwgt: 319356
minpartwgt: 244328
avgpartwgt: 252002.312500
maxpartwgt: 264788
fincut: 0
finimbal: 0.050736
