inicut: 45089
iniimbal: 0.070373
replr: 0.100000
maxreplwgt: 1099746
boun_cmin: 1
boun_cavg: 29.238532
boun_cmax: 106
boun_nmin: 2
boun_navg: 57.688073
boun_nmax: 226
boun_nnzmin: 2
boun_nnzavg: 95.899083
boun_nnzmax: 401
decom_cmin: 1
decom_cavg: 29.238532
decom_cmax: 106
decom_nmin: 2
decom_navg: 57.688073
decom_nmax: 226
decom_nnzmin: 2
decom_nnzavg: 95.899083
decom_nnzmax: 401
totreplwgt: 1098168
minpartwgt: 94484
avgpartwgt: 94497.156250
maxpartwgt: 94508
fincut: 0
finimbal: 0.000115
