inicut: 298092
iniimbal: 0.062517
replr: 0.100000
maxreplwgt: 9227
boun_cmin: 8
boun_cavg: 328.107143
boun_cmax: 6729
boun_nmin: 1
boun_navg: 434.135714
boun_nmax: 14685
boun_nnzmin: 8
boun_nnzavg: 2057.550000
boun_nnzmax: 29909
decom_cmin: 8
decom_cavg: 92.757143
decom_cmax: 151
decom_nmin: 1
decom_navg: 77.471429
decom_nmax: 151
decom_nnzmin: 8
decom_nnzavg: 159.678571
decom_nnzmax: 1548
totreplwgt: 9097
minpartwgt: 396
avgpartwgt: 396.000000
maxpartwgt: 396
fincut: 295630
finimbal: 0.000000
