inicut: 72240
iniimbal: 0.105523
replr: 0.100000
maxreplwgt: 1099746
boun_cmin: 1
boun_cavg: 20.564103
boun_cmax: 86
boun_nmin: 1
boun_navg: 44.491453
boun_nmax: 187
boun_nnzmin: 1
boun_nnzavg: 67.320513
boun_nnzmax: 325
decom_cmin: 1
decom_cavg: 18.833333
decom_cmax: 59
decom_nmin: 1
decom_navg: 39.683761
decom_nmax: 135
decom_nnzmin: 1
decom_nnzavg: 57.935897
decom_nnzmax: 226
totreplwgt: 1097080
minpartwgt: 47228
avgpartwgt: 47244.328125
maxpartwgt: 47492
fincut: 211
finimbal: 0.005242
