inicut: 45089
iniimbal: 0.070373
replr: 0.010000
maxreplwgt: 109974
boun_cmin: 1
boun_cavg: 27.738095
boun_cmax: 94
boun_nmin: 2
boun_navg: 59.206349
boun_nmax: 208
boun_nnzmin: 2
boun_nnzavg: 89.166667
boun_nnzmax: 345
decom_cmin: 1
decom_cavg: 18.031746
decom_cmax: 44
decom_nmin: 2
decom_navg: 29.277778
decom_nmax: 104
decom_nnzmin: 2
decom_nnzavg: 36.230159
decom_nnzmax: 146
totreplwgt: 109972
minpartwgt: 81788
avgpartwgt: 86776.875000
maxpartwgt: 91964
fincut: 13898
finimbal: 0.059775
