inicut: 44470
iniimbal: 0.926828
replr: 0.100000
maxreplwgt: 120690
boun_cmin: 1
boun_cavg: 12.901370
boun_cmax: 44
boun_nmin: 1
boun_navg: 31.139726
boun_nmax: 103
boun_nnzmin: 1
boun_nnzavg: 47.693151
boun_nnzmax: 181
decom_cmin: 1
decom_cavg: 6.720548
decom_cmax: 26
decom_nmin: 1
decom_navg: 11.180822
decom_nmax: 63
decom_nnzmin: 1
decom_nnzavg: 13.120548
decom_nnzmax: 99
totreplwgt: 120684
minpartwgt: 0
avgpartwgt: 5185.906250
maxpartwgt: 9084
fincut: 6578
finimbal: 0.751671
