inicut: 44304
iniimbal: 0.047039
replr: 0.010000
maxreplwgt: 275320
boun_cmin: 1
boun_cavg: 29.977099
boun_cmax: 109
boun_nmin: 1
boun_navg: 60.030534
boun_nmax: 178
boun_nnzmin: 1
boun_nnzavg: 86.755725
boun_nnzmax: 287
decom_cmin: 1
decom_cavg: 24.572519
decom_cmax: 62
decom_nmin: 1
decom_navg: 44.541985
decom_nmax: 126
decom_nnzmin: 1
decom_nnzavg: 59.763359
decom_nnzmax: 196
totreplwgt: 275320
minpartwgt: 207432
avgpartwgt: 217245.156250
maxpartwgt: 225212
fincut: 135
finimbal: 0.036672
