inicut: 72240
iniimbal: 0.105523
replr: 0.100000
maxreplwgt: 1099746
boun_cmin: 1
boun_cavg: 22.921053
boun_cmax: 112
boun_nmin: 2
boun_navg: 44.548246
boun_nmax: 244
boun_nnzmin: 2
boun_nnzavg: 74.767544
boun_nnzmax: 463
decom_cmin: 1
decom_cavg: 22.166667
decom_cmax: 66
decom_nmin: 2
decom_navg: 42.157895
decom_nmax: 124
decom_nnzmin: 2
decom_nnzavg: 69.750000
decom_nnzmax: 220
totreplwgt: 1096956
minpartwgt: 47228
avgpartwgt: 47243.843750
maxpartwgt: 47492
fincut: 129
finimbal: 0.005253
