inicut: 46231
iniimbal: 0.049589
replr: 0.010000
maxreplwgt: 155426
boun_cmin: 1
boun_cavg: 29.639706
boun_cmax: 67
boun_nmin: 1
boun_navg: 61.867647
boun_nmax: 156
boun_nnzmin: 1
boun_nnzavg: 88.786765
boun_nnzmax: 219
decom_cmin: 1
decom_cavg: 22.867647
decom_cmax: 56
decom_nmin: 1
decom_navg: 39.301471
decom_nmax: 119
decom_nnzmin: 1
decom_nnzavg: 51.352941
decom_nnzmax: 172
totreplwgt: 155412
minpartwgt: 115944
avgpartwgt: 122640.781250
maxpartwgt: 127448
fincut: 1641
finimbal: 0.039198
