inicut: 71645
iniimbal: 0.065071
replr: 0.100000
maxreplwgt: 1554260
boun_cmin: 1
boun_cavg: 20.752212
boun_cmax: 61
boun_nmin: 2
boun_navg: 44.986726
boun_nmax: 126
boun_nnzmin: 2
boun_nnzavg: 61.429204
boun_nnzmax: 204
decom_cmin: 1
decom_cavg: 20.584071
decom_cmax: 61
decom_nmin: 2
decom_navg: 44.535398
decom_nmax: 126
decom_nnzmin: 2
decom_nnzavg: 60.752212
decom_nnzmax: 204
totreplwgt: 1551012
minpartwgt: 66760
avgpartwgt: 66771.953125
maxpartwgt: 66784
fincut: 0
finimbal: 0.000180
