inicut: 77832
iniimbal: 0.046072
replr: 0.010000
maxreplwgt: 290684
boun_cmin: 1
boun_cavg: 26.714286
boun_cmax: 99
boun_nmin: 2
boun_navg: 52.721254
boun_nmax: 221
boun_nnzmin: 2
boun_nnzavg: 77.846690
boun_nnzmax: 384
decom_cmin: 1
decom_cavg: 19.794425
decom_cmax: 62
decom_nmin: 2
decom_navg: 33.195122
decom_nmax: 131
decom_nnzmin: 2
decom_nnzavg: 43.543554
decom_nnzmax: 223
totreplwgt: 290684
minpartwgt: 109988
avgpartwgt: 114684.109375
maxpartwgt: 118780
fincut: 0
finimbal: 0.035715
