inicut: 71904
iniimbal: 0.055314
replr: 0.010000
maxreplwgt: 275320
boun_cmin: 1
boun_cavg: 23.885017
boun_cmax: 98
boun_nmin: 2
boun_navg: 47.641115
boun_nmax: 189
boun_nnzmin: 2
boun_nnzavg: 70.229965
boun_nnzmax: 344
decom_cmin: 1
decom_cavg: 18.735192
decom_cmax: 58
decom_nmin: 2
decom_navg: 33.418118
decom_nmax: 108
decom_nnzmin: 2
decom_nnzavg: 44.550523
decom_nnzmax: 165
totreplwgt: 275320
minpartwgt: 104232
avgpartwgt: 108622.578125
maxpartwgt: 113496
fincut: 81
finimbal: 0.044866
