inicut: 71645
iniimbal: 0.065071
replr: 0.010000
maxreplwgt: 155426
boun_cmin: 1
boun_cavg: 26.046632
boun_cmax: 69
boun_nmin: 2
boun_navg: 53.590674
boun_nmax: 131
boun_nnzmin: 2
boun_nnzavg: 77.010363
boun_nnzmax: 210
decom_cmin: 1
decom_cavg: 17.222798
decom_cmax: 51
decom_nmin: 2
decom_navg: 25.927461
decom_nmax: 99
decom_nnzmin: 2
decom_nnzavg: 29.813472
decom_nnzmax: 155
totreplwgt: 155424
minpartwgt: 58632
avgpartwgt: 61320.437500
maxpartwgt: 64664
fincut: 27030
finimbal: 0.054526
