inicut: 71645
iniimbal: 0.065071
replr: 0.010000
maxreplwgt: 155426
boun_cmin: 1
boun_cavg: 24.225641
boun_cmax: 69
boun_nmin: 2
boun_navg: 50.758974
boun_nmax: 131
boun_nnzmin: 2
boun_nnzavg: 71.661538
boun_nnzmax: 210
decom_cmin: 1
decom_cavg: 24.225641
decom_cmax: 69
decom_nmin: 2
decom_navg: 33.256410
decom_nmax: 118
decom_nnzmin: 2
decom_nnzavg: 40.235897
decom_nnzmax: 154
totreplwgt: 155416
minpartwgt: 58380
avgpartwgt: 61320.406250
maxpartwgt: 64664
fincut: 22133
finimbal: 0.054527
