inicut: 72240
iniimbal: 0.105523
replr: 0.010000
maxreplwgt: 109974
boun_cmin: 1
boun_cavg: 23.947917
boun_cmax: 89
boun_nmin: 1
boun_navg: 49.229167
boun_nmax: 195
boun_nnzmin: 1
boun_nnzavg: 75.088542
boun_nnzmax: 333
decom_cmin: 1
decom_cavg: 14.463542
decom_cmax: 31
decom_nmin: 1
decom_navg: 20.244792
decom_nmax: 70
decom_nnzmin: 1
decom_nnzavg: 22.192708
decom_nnzmax: 98
totreplwgt: 109968
minpartwgt: 37404
avgpartwgt: 43388.421875
maxpartwgt: 47492
fincut: 41296
finimbal: 0.094578
