inicut: 50172
iniimbal: 0.052818
replr: 0.010000
maxreplwgt: 290684
boun_cmin: 1
boun_cavg: 30.891473
boun_cmax: 118
boun_nmin: 2
boun_navg: 61.263566
boun_nmax: 242
boun_nnzmin: 2
boun_nnzavg: 89.395349
boun_nnzmax: 408
decom_cmin: 1
decom_cavg: 26.790698
decom_cmax: 81
decom_nmin: 2
decom_navg: 48.441860
decom_nmax: 158
decom_nnzmin: 2
decom_nnzavg: 67.116279
decom_nnzmax: 281
totreplwgt: 290680
minpartwgt: 222764
avgpartwgt: 229368.187500
maxpartwgt: 239092
fincut: 0
finimbal: 0.042394
