inicut: 20877
iniimbal: 0.067450
replr: 0.100000
maxreplwgt: 75688
boun_cmin: 1
boun_cavg: 18.063492
boun_cmax: 36
boun_nmin: 3
boun_navg: 44.404762
boun_nmax: 91
boun_nnzmin: 3
boun_nnzavg: 69.492063
boun_nnzmax: 148
decom_cmin: 1
decom_cavg: 9.587302
decom_cmax: 13
decom_nmin: 3
decom_navg: 11.444444
decom_nmax: 34
decom_nnzmin: 3
decom_nnzavg: 10.317460
decom_nnzmax: 42
totreplwgt: 74104
minpartwgt: 6480
avgpartwgt: 6492.093750
maxpartwgt: 6504
fincut: 6530
finimbal: 0.001834
