inicut: 44304
iniimbal: 0.047039
replr: 0.010000
maxreplwgt: 275320
boun_cmin: 1
boun_cavg: 29.518797
boun_cmax: 109
boun_nmin: 1
boun_navg: 59.255639
boun_nmax: 178
boun_nnzmin: 1
boun_nnzavg: 85.210526
boun_nnzmax: 287
decom_cmin: 1
decom_cavg: 24.338346
decom_cmax: 62
decom_nmin: 1
decom_navg: 44.609023
decom_nmax: 126
decom_nnzmin: 1
decom_nnzavg: 60.052632
decom_nnzmax: 196
totreplwgt: 275320
minpartwgt: 207432
avgpartwgt: 217245.156250
maxpartwgt: 225212
fincut: 123
finimbal: 0.036672
