inicut: 92628
iniimbal: 0.156455
replr: 0.010000
maxreplwgt: 319369
boun_cmin: 1
boun_cavg: 25.966667
boun_cmax: 89
boun_nmin: 2
boun_navg: 49.911111
boun_nmax: 200
boun_nnzmin: 2
boun_nnzavg: 75.925926
boun_nnzmax: 326
decom_cmin: 1
decom_cavg: 20.455556
decom_cmax: 76
decom_nmin: 2
decom_navg: 35.322222
decom_nmax: 162
decom_nnzmin: 2
decom_nnzavg: 48.862963
decom_nnzmax: 277
totreplwgt: 319356
minpartwgt: 104948
avgpartwgt: 126001.156250
maxpartwgt: 144272
fincut: 0
finimbal: 0.145005
