inicut: 66437
iniimbal: 0.385393
replr: 0.010000
maxreplwgt: 24657
boun_cmin: 2
boun_cavg: 22.207547
boun_cmax: 51
boun_nmin: 4
boun_navg: 48.160377
boun_nmax: 109
boun_nnzmin: 7
boun_nnzavg: 77.462264
boun_nnzmax: 205
decom_cmin: 2
decom_cavg: 13.622642
decom_cmax: 27
decom_nmin: 4
decom_navg: 14.783019
decom_nmax: 29
decom_nnzmin: 6
decom_nnzavg: 15.292453
decom_nnzmax: 29
totreplwgt: 24636
minpartwgt: 5248
avgpartwgt: 9728.156250
maxpartwgt: 13344
fincut: 51310
finimbal: 0.371688
