inicut: 44470
iniimbal: 0.926828
replr: 0.010000
maxreplwgt: 12069
boun_cmin: 1
boun_cavg: 12.185185
boun_cmax: 31
boun_nmin: 3
boun_navg: 28.101852
boun_nmax: 87
boun_nnzmin: 3
boun_nnzavg: 37.703704
boun_nnzmax: 111
decom_cmin: 1
decom_cavg: 9.324074
decom_cmax: 25
decom_nmin: 3
decom_navg: 13.074074
decom_nmax: 27
decom_nnzmin: 3
decom_nnzavg: 13.592593
decom_nnzmax: 29
totreplwgt: 12048
minpartwgt: 0
avgpartwgt: 4761.546875
maxpartwgt: 9084
fincut: 38519
finimbal: 0.907783
