inicut: 15805
iniimbal: 0.045047
replr: 0.010000
maxreplwgt: 2528
boun_cmin: 1
boun_cavg: 7.557377
boun_cmax: 16
boun_nmin: 1
boun_navg: 19.016393
boun_nmax: 39
boun_nnzmin: 1
boun_nnzavg: 20.393443
boun_nnzmax: 50
decom_cmin: 1
decom_cavg: 5.819672
decom_cmax: 6
decom_nmin: 1
decom_navg: 5.868852
decom_nmax: 6
decom_nnzmin: 1
decom_nnzavg: 3.426230
decom_nnzmax: 7
totreplwgt: 2508
minpartwgt: 1916
avgpartwgt: 1994.625000
maxpartwgt: 2064
fincut: 14722
finimbal: 0.034781
