inicut: 50172
iniimbal: 0.052818
replr: 0.010000
maxreplwgt: 290684
boun_cmin: 2
boun_cavg: 31.944444
boun_cmax: 116
boun_nmin: 2
boun_navg: 62.571429
boun_nmax: 231
boun_nnzmin: 4
boun_nnzavg: 92.126984
boun_nnzmax: 401
decom_cmin: 2
decom_cavg: 27.746032
decom_cmax: 82
decom_nmin: 2
decom_navg: 49.666667
decom_nmax: 165
decom_nnzmin: 4
decom_nnzavg: 69.246032
decom_nnzmax: 287
totreplwgt: 290672
minpartwgt: 222764
avgpartwgt: 229368.125000
maxpartwgt: 239092
fincut: 0
finimbal: 0.042394
