inicut: 92628
iniimbal: 0.156455
replr: 0.010000
maxreplwgt: 319369
boun_cmin: 1
boun_cavg: 26.285171
boun_cmax: 89
boun_nmin: 1
boun_navg: 48.190114
boun_nmax: 172
boun_nnzmin: 1
boun_nnzavg: 77.003802
boun_nnzmax: 303
decom_cmin: 1
decom_cavg: 22.121673
decom_cmax: 86
decom_nmin: 1
decom_navg: 35.357414
decom_nmax: 152
decom_nnzmin: 1
decom_nnzavg: 52.072243
decom_nnzmax: 293
totreplwgt: 319352
minpartwgt: 105128
avgpartwgt: 126001.140625
maxpartwgt: 144272
fincut: 0
finimbal: 0.145006
