inicut: 44470
iniimbal: 0.926828
replr: 0.100000
maxreplwgt: 120690
boun_cmin: 1
boun_cavg: 12.749311
boun_cmax: 42
boun_nmin: 1
boun_navg: 30.746556
boun_nmax: 103
boun_nnzmin: 1
boun_nnzavg: 47.002755
boun_nnzmax: 180
decom_cmin: 1
decom_cavg: 6.636364
decom_cmax: 24
decom_nmin: 1
decom_navg: 10.851240
decom_nmax: 69
decom_nnzmin: 1
decom_nnzavg: 12.600551
decom_nnzmax: 104
totreplwgt: 120680
minpartwgt: 0
avgpartwgt: 5185.890625
maxpartwgt: 9084
fincut: 6422
finimbal: 0.751676
