inicut: 298092
iniimbal: 0.062517
replr: 0.100000
maxreplwgt: 9227
boun_cmin: 8
boun_cavg: 330.750000
boun_cmax: 6739
boun_nmin: 1
boun_navg: 434.721429
boun_nmax: 14686
boun_nnzmin: 8
boun_nnzavg: 2059.435714
boun_nnzmax: 29919
decom_cmin: 8
decom_cavg: 93.378571
decom_cmax: 151
decom_nmin: 1
decom_navg: 75.964286
decom_nmax: 151
decom_nnzmin: 8
decom_nnzavg: 163.992857
decom_nnzmax: 1597
totreplwgt: 9097
minpartwgt: 396
avgpartwgt: 396.000000
maxpartwgt: 396
fincut: 295640
finimbal: 0.000000
