inicut: 66437
iniimbal: 0.385393
replr: 0.010000
maxreplwgt: 24657
boun_cmin: 2
boun_cavg: 21.056604
boun_cmax: 52
boun_nmin: 4
boun_navg: 46.056604
boun_nmax: 125
boun_nnzmin: 4
boun_nnzavg: 73.547170
boun_nnzmax: 232
decom_cmin: 2
decom_cavg: 11.408805
decom_cmax: 12
decom_nmin: 4
decom_navg: 12.345912
decom_nmax: 30
decom_nnzmin: 2
decom_nnzavg: 8.628931
decom_nnzmax: 36
totreplwgt: 24648
minpartwgt: 5476
avgpartwgt: 9728.203125
maxpartwgt: 13344
fincut: 55712
finimbal: 0.371682
