inicut: 44304
iniimbal: 0.047039
replr: 0.010000
maxreplwgt: 275320
boun_cmin: 1
boun_cavg: 29.451128
boun_cmax: 109
boun_nmin: 1
boun_navg: 59.022556
boun_nmax: 187
boun_nnzmin: 1
boun_nnzavg: 85.037594
boun_nnzmax: 303
decom_cmin: 1
decom_cavg: 24.323308
decom_cmax: 58
decom_nmin: 1
decom_navg: 44.135338
decom_nmax: 125
decom_nnzmin: 1
decom_nnzavg: 59.270677
decom_nnzmax: 176
totreplwgt: 275320
minpartwgt: 207432
avgpartwgt: 217245.156250
maxpartwgt: 225212
fincut: 221
finimbal: 0.036672
