inicut: 72240
iniimbal: 0.105523
replr: 0.010000
maxreplwgt: 109974
boun_cmin: 1
boun_cavg: 24.111111
boun_cmax: 89
boun_nmin: 2
boun_navg: 49.656085
boun_nmax: 195
boun_nnzmin: 2
boun_nnzavg: 75.619048
boun_nnzmax: 333
decom_cmin: 1
decom_cavg: 14.439153
decom_cmax: 33
decom_nmin: 2
decom_navg: 20.195767
decom_nmax: 74
decom_nnzmin: 2
decom_nnzavg: 21.772487
decom_nnzmax: 99
totreplwgt: 109972
minpartwgt: 37404
avgpartwgt: 43388.437500
maxpartwgt: 47492
fincut: 41132
finimbal: 0.094577
