inicut: 71645
iniimbal: 0.065071
replr: 0.010000
maxreplwgt: 155426
boun_cmin: 1
boun_cavg: 26.518519
boun_cmax: 65
boun_nmin: 2
boun_navg: 54.460317
boun_nmax: 131
boun_nnzmin: 2
boun_nnzavg: 78.534392
boun_nnzmax: 210
decom_cmin: 1
decom_cavg: 17.365079
decom_cmax: 52
decom_nmin: 2
decom_navg: 25.931217
decom_nmax: 101
decom_nnzmin: 2
decom_nnzavg: 30.005291
decom_nnzmax: 161
totreplwgt: 155420
minpartwgt: 58308
avgpartwgt: 61320.421875
maxpartwgt: 64664
fincut: 27536
finimbal: 0.054526
