inicut: 72240
iniimbal: 0.105523
replr: 0.010000
maxreplwgt: 109974
boun_cmin: 1
boun_cavg: 24.094737
boun_cmax: 89
boun_nmin: 2
boun_navg: 49.510526
boun_nmax: 195
boun_nnzmin: 2
boun_nnzavg: 75.315789
boun_nnzmax: 333
decom_cmin: 1
decom_cavg: 14.384211
decom_cmax: 31
decom_nmin: 2
decom_navg: 20.089474
decom_nmax: 72
decom_nnzmin: 2
decom_nnzavg: 21.578947
decom_nnzmax: 98
totreplwgt: 109948
minpartwgt: 37404
avgpartwgt: 43388.343750
maxpartwgt: 47492
fincut: 41231
finimbal: 0.094580
