inicut: 71645
iniimbal: 0.065071
replr: 0.010000
maxreplwgt: 155426
boun_cmin: 1
boun_cavg: 26.989247
boun_cmax: 65
boun_nmin: 3
boun_navg: 55.397849
boun_nmax: 138
boun_nnzmin: 3
boun_nnzavg: 79.720430
boun_nnzmax: 216
decom_cmin: 1
decom_cavg: 17.817204
decom_cmax: 54
decom_nmin: 3
decom_navg: 26.456989
decom_nmax: 105
decom_nnzmin: 3
decom_nnzavg: 30.553763
decom_nnzmax: 164
totreplwgt: 155420
minpartwgt: 58324
avgpartwgt: 61320.421875
maxpartwgt: 64664
fincut: 28043
finimbal: 0.054526
