inicut: 35246
iniimbal: 0.045804
replr: 0.100000
maxreplwgt: 75688
boun_cmin: 4
boun_cavg: 17.128906
boun_cmax: 36
boun_nmin: 9
boun_navg: 40.824219
boun_nmax: 87
boun_nnzmin: 13
boun_nnzavg: 64.691406
boun_nnzmax: 150
decom_cmin: 4
decom_cavg: 8.859375
decom_cmax: 9
decom_nmin: 9
decom_navg: 9.218750
decom_nmax: 21
decom_nnzmin: 3
decom_nnzavg: 6.714844
decom_nnzmax: 24
totreplwgt: 72704
minpartwgt: 3228
avgpartwgt: 3240.578125
maxpartwgt: 3252
fincut: 22775
finimbal: 0.003525
