inicut: 45089
iniimbal: 0.070373
replr: 0.010000
maxreplwgt: 109974
boun_cmin: 1
boun_cavg: 28.403226
boun_cmax: 92
boun_nmin: 2
boun_navg: 60.491935
boun_nmax: 204
boun_nnzmin: 3
boun_nnzavg: 90.822581
boun_nnzmax: 340
decom_cmin: 1
decom_cavg: 18.604839
decom_cmax: 49
decom_nmin: 2
decom_navg: 29.879032
decom_nmax: 111
decom_nnzmin: 3
decom_nnzavg: 36.798387
decom_nnzmax: 159
totreplwgt: 109972
minpartwgt: 81816
avgpartwgt: 86776.875000
maxpartwgt: 91964
fincut: 13589
finimbal: 0.059775
