inicut: 27834
iniimbal: 0.243402
replr: 0.100000
maxreplwgt: 120690
boun_cmin: 1
boun_cavg: 14.075862
boun_cmax: 48
boun_nmin: 1
boun_navg: 33.006897
boun_nmax: 124
boun_nnzmin: 1
boun_nnzavg: 53.041379
boun_nnzmax: 215
decom_cmin: 1
decom_cavg: 10.000000
decom_cmax: 25
decom_nmin: 1
decom_navg: 16.448276
decom_nmax: 53
decom_nnzmin: 1
decom_nnzavg: 22.000000
decom_nnzmax: 84
totreplwgt: 120688
minpartwgt: 9864
avgpartwgt: 10371.843750
maxpartwgt: 11724
fincut: 211
finimbal: 0.130368
