inicut: 46231
iniimbal: 0.049589
replr: 0.010000
maxreplwgt: 155426
boun_cmin: 1
boun_cavg: 28.375887
boun_cmax: 80
boun_nmin: 3
boun_navg: 59.595745
boun_nmax: 183
boun_nnzmin: 3
boun_nnzavg: 85.170213
boun_nnzmax: 266
decom_cmin: 1
decom_cavg: 22.134752
decom_cmax: 56
decom_nmin: 3
decom_navg: 38.099291
decom_nmax: 119
decom_nnzmin: 3
decom_nnzavg: 49.453901
decom_nnzmax: 172
totreplwgt: 155420
minpartwgt: 115916
avgpartwgt: 122640.843750
maxpartwgt: 127448
fincut: 1509
finimbal: 0.039197
