inicut: 71645
iniimbal: 0.065071
replr: 0.100000
maxreplwgt: 1554260
boun_cmin: 1
boun_cavg: 20.587719
boun_cmax: 58
boun_nmin: 2
boun_navg: 44.609649
boun_nmax: 122
boun_nnzmin: 2
boun_nnzavg: 60.934211
boun_nnzmax: 179
decom_cmin: 1
decom_cavg: 20.421053
decom_cmax: 55
decom_nmin: 2
decom_navg: 44.162281
decom_nmax: 120
decom_nnzmin: 2
decom_nnzavg: 60.241228
decom_nnzmax: 179
totreplwgt: 1550992
minpartwgt: 66760
avgpartwgt: 66771.875000
maxpartwgt: 66784
fincut: 0
finimbal: 0.000182
