inicut: 44470
iniimbal: 0.926828
replr: 0.010000
maxreplwgt: 12069
boun_cmin: 1
boun_cavg: 12.198113
boun_cmax: 31
boun_nmin: 3
boun_navg: 28.311321
boun_nmax: 87
boun_nnzmin: 3
boun_nnzavg: 37.452830
boun_nnzmax: 107
decom_cmin: 1
decom_cavg: 9.481132
decom_cmax: 25
decom_nmin: 3
decom_navg: 13.094340
decom_nmax: 27
decom_nnzmin: 3
decom_nnzavg: 13.698113
decom_nnzmax: 29
totreplwgt: 12060
minpartwgt: 0
avgpartwgt: 4761.593750
maxpartwgt: 9084
fincut: 38532
finimbal: 0.907765
