inicut: 77832
iniimbal: 0.046072
replr: 0.010000
maxreplwgt: 290684
boun_cmin: 1
boun_cavg: 27.192982
boun_cmax: 101
boun_nmin: 2
boun_navg: 53.564912
boun_nmax: 228
boun_nnzmin: 2
boun_nnzavg: 79.280702
boun_nnzmax: 398
decom_cmin: 1
decom_cavg: 20.175439
decom_cmax: 64
decom_nmin: 2
decom_navg: 34.014035
decom_nmax: 129
decom_nnzmin: 2
decom_nnzavg: 44.926316
decom_nnzmax: 237
totreplwgt: 290664
minpartwgt: 108152
avgpartwgt: 114684.031250
maxpartwgt: 118780
fincut: 0
finimbal: 0.035715
