inicut: 72240
iniimbal: 0.105523
replr: 0.010000
maxreplwgt: 109974
boun_cmin: 1
boun_cavg: 24.042105
boun_cmax: 89
boun_nmin: 3
boun_navg: 49.605263
boun_nmax: 195
boun_nnzmin: 3
boun_nnzavg: 75.405263
boun_nnzmax: 333
decom_cmin: 1
decom_cavg: 14.452632
decom_cmax: 31
decom_nmin: 3
decom_navg: 20.405263
decom_nmax: 70
decom_nnzmin: 3
decom_nnzavg: 22.115789
decom_nnzmax: 98
totreplwgt: 109972
minpartwgt: 37432
avgpartwgt: 43388.437500
maxpartwgt: 47492
fincut: 40869
finimbal: 0.094577
