inicut: 92628
iniimbal: 0.156455
replr: 0.010000
maxreplwgt: 319369
boun_cmin: 1
boun_cavg: 26.007380
boun_cmax: 100
boun_nmin: 2
boun_navg: 50.029520
boun_nmax: 200
boun_nnzmin: 3
boun_nnzavg: 76.140221
boun_nnzmax: 353
decom_cmin: 1
decom_cavg: 20.461255
decom_cmax: 76
decom_nmin: 2
decom_navg: 35.261993
decom_nmax: 162
decom_nnzmin: 3
decom_nnzavg: 48.745387
decom_nnzmax: 277
totreplwgt: 319344
minpartwgt: 104948
avgpartwgt: 126001.109375
maxpartwgt: 144272
fincut: 0
finimbal: 0.145006
