inicut: 71645
iniimbal: 0.065071
replr: 0.010000
maxreplwgt: 155426
boun_cmin: 1
boun_cavg: 27.031915
boun_cmax: 67
boun_nmin: 3
boun_navg: 55.601064
boun_nmax: 138
boun_nnzmin: 3
boun_nnzavg: 80.026596
boun_nnzmax: 216
decom_cmin: 1
decom_cavg: 17.904255
decom_cmax: 48
decom_nmin: 3
decom_navg: 26.659574
decom_nmax: 93
decom_nnzmin: 3
decom_nnzavg: 30.808511
decom_nnzmax: 145
totreplwgt: 155420
minpartwgt: 58588
avgpartwgt: 61320.421875
maxpartwgt: 64664
fincut: 27036
finimbal: 0.054526
