inicut: 71645
iniimbal: 0.065071
replr: 0.100000
maxreplwgt: 1554260
boun_cmin: 1
boun_cavg: 20.535088
boun_cmax: 58
boun_nmin: 2
boun_navg: 44.530702
boun_nmax: 122
boun_nnzmin: 2
boun_nnzavg: 60.776316
boun_nnzmax: 186
decom_cmin: 1
decom_cavg: 20.456140
decom_cmax: 56
decom_nmin: 2
decom_navg: 44.171053
decom_nmax: 120
decom_nnzmin: 2
decom_nnzavg: 60.184211
decom_nnzmax: 186
totreplwgt: 1551036
minpartwgt: 66760
avgpartwgt: 66772.046875
maxpartwgt: 66784
fincut: 0
finimbal: 0.000179
