inicut: 59526
iniimbal: 0.061243
replr: 0.100000
maxreplwgt: 3193694
boun_cmin: 2
boun_cavg: 28.651786
boun_cmax: 82
boun_nmin: 4
boun_navg: 58.892857
boun_nmax: 173
boun_nnzmin: 4
boun_nnzavg: 83.035714
boun_nnzmax: 275
decom_cmin: 2
decom_cavg: 28.651786
decom_cmax: 82
decom_nmin: 4
decom_navg: 58.892857
decom_nmax: 173
decom_nnzmin: 4
decom_nnzavg: 83.035714
decom_nnzmax: 275
totreplwgt: 3191964
minpartwgt: 274432
avgpartwgt: 274444.562500
maxpartwgt: 274456
fincut: 0
finimbal: 0.000042
