inicut: 50172
iniimbal: 0.052818
replr: 0.010000
maxreplwgt: 290684
boun_cmin: 1
boun_cavg: 32.312000
boun_cmax: 104
boun_nmin: 3
boun_navg: 63.768000
boun_nmax: 214
boun_nnzmin: 3
boun_nnzavg: 93.592000
boun_nnzmax: 355
decom_cmin: 1
decom_cavg: 27.840000
decom_cmax: 80
decom_nmin: 3
decom_navg: 50.152000
decom_nmax: 164
decom_nnzmin: 3
decom_nnzavg: 69.728000
decom_nnzmax: 278
totreplwgt: 290684
minpartwgt: 222764
avgpartwgt: 229368.218750
maxpartwgt: 239092
fincut: 0
finimbal: 0.042394
