inicut: 59526
iniimbal: 0.061243
replr: 0.010000
maxreplwgt: 319369
boun_cmin: 2
boun_cavg: 33.278689
boun_cmax: 121
boun_nmin: 3
boun_navg: 61.016393
boun_nmax: 222
boun_nnzmin: 5
boun_nnzavg: 96.959016
boun_nnzmax: 421
decom_cmin: 2
decom_cavg: 28.786885
decom_cmax: 95
decom_nmin: 3
decom_navg: 47.557377
decom_nmax: 175
decom_nnzmin: 5
decom_nnzavg: 70.090164
decom_nnzmax: 284
totreplwgt: 319364
minpartwgt: 244108
avgpartwgt: 252002.375000
maxpartwgt: 264788
fincut: 0
finimbal: 0.050736
