inicut: 20877
iniimbal: 0.067450
replr: 0.100000
maxreplwgt: 75688
boun_cmin: 2
boun_cavg: 17.801587
boun_cmax: 39
boun_nmin: 4
boun_navg: 43.373016
boun_nmax: 99
boun_nnzmin: 5
boun_nnzavg: 68.246032
boun_nnzmax: 169
decom_cmin: 2
decom_cavg: 9.468254
decom_cmax: 12
decom_nmin: 4
decom_navg: 11.500000
decom_nmax: 30
decom_nnzmin: 3
decom_nnzavg: 10.317460
decom_nnzmax: 40
totreplwgt: 74136
minpartwgt: 6480
avgpartwgt: 6492.343750
maxpartwgt: 6504
fincut: 6432
finimbal: 0.001795
