inicut: 72240
iniimbal: 0.105523
replr: 0.010000
maxreplwgt: 109974
boun_cmin: 1
boun_cavg: 25.027174
boun_cmax: 89
boun_nmin: 2
boun_navg: 51.277174
boun_nmax: 195
boun_nnzmin: 2
boun_nnzavg: 78.521739
boun_nnzmax: 333
decom_cmin: 1
decom_cavg: 14.934783
decom_cmax: 30
decom_nmin: 2
decom_navg: 20.782609
decom_nmax: 67
decom_nnzmin: 2
decom_nnzavg: 22.864130
decom_nnzmax: 98
totreplwgt: 109952
minpartwgt: 37404
avgpartwgt: 43388.359375
maxpartwgt: 47492
fincut: 41033
finimbal: 0.094579
