inicut: 50172
iniimbal: 0.052818
replr: 0.100000
maxreplwgt: 2906844
boun_cmin: 1
boun_cavg: 34.277778
boun_cmax: 131
boun_nmin: 4
boun_navg: 64.250000
boun_nmax: 235
boun_nnzmin: 4
boun_nnzavg: 97.472222
boun_nnzmax: 448
decom_cmin: 1
decom_cavg: 34.277778
decom_cmax: 131
decom_nmin: 4
decom_navg: 64.250000
decom_nmax: 235
decom_nnzmin: 4
decom_nnzavg: 97.472222
decom_nnzmax: 448
totreplwgt: 2904860
minpartwgt: 249780
avgpartwgt: 249791.468750
maxpartwgt: 249804
fincut: 0
finimbal: 0.000050
