inicut: 44470
iniimbal: 0.926828
replr: 0.100000
maxreplwgt: 120690
boun_cmin: 1
boun_cavg: 12.820937
boun_cmax: 48
boun_nmin: 1
boun_navg: 31.016529
boun_nmax: 103
boun_nnzmin: 1
boun_nnzavg: 47.716253
boun_nnzmax: 207
decom_cmin: 1
decom_cavg: 6.688705
decom_cmax: 20
decom_nmin: 1
decom_navg: 11.082645
decom_nmax: 57
decom_nnzmin: 1
decom_nnzavg: 13.176309
decom_nnzmax: 85
totreplwgt: 120688
minpartwgt: 28
avgpartwgt: 5185.921875
maxpartwgt: 9084
fincut: 6463
finimbal: 0.751665
