inicut: 44470
iniimbal: 0.926828
replr: 0.100000
maxreplwgt: 120690
boun_cmin: 1
boun_cavg: 12.837017
boun_cmax: 47
boun_nmin: 1
boun_navg: 30.961326
boun_nmax: 103
boun_nnzmin: 1
boun_nnzavg: 47.350829
boun_nnzmax: 207
decom_cmin: 1
decom_cavg: 6.646409
decom_cmax: 26
decom_nmin: 1
decom_navg: 10.991713
decom_nmax: 73
decom_nnzmin: 1
decom_nnzavg: 12.925414
decom_nnzmax: 100
totreplwgt: 120688
minpartwgt: 0
avgpartwgt: 5185.921875
maxpartwgt: 9084
fincut: 5879
finimbal: 0.751665
