inicut: 71645
iniimbal: 0.065071
replr: 0.010000
maxreplwgt: 155426
boun_cmin: 1
boun_cavg: 26.930851
boun_cmax: 67
boun_nmin: 2
boun_navg: 55.207447
boun_nmax: 135
boun_nnzmin: 2
boun_nnzavg: 79.648936
boun_nnzmax: 222
decom_cmin: 1
decom_cavg: 17.537234
decom_cmax: 47
decom_nmin: 2
decom_navg: 26.132979
decom_nmax: 93
decom_nnzmin: 2
decom_nnzavg: 30.425532
decom_nnzmax: 143
totreplwgt: 155404
minpartwgt: 58460
avgpartwgt: 61320.359375
maxpartwgt: 64664
fincut: 27329
finimbal: 0.054527
