inicut: 71904
iniimbal: 0.055314
replr: 0.010000
maxreplwgt: 275320
boun_cmin: 1
boun_cavg: 24.249110
boun_cmax: 95
boun_nmin: 3
boun_navg: 48.523132
boun_nmax: 187
boun_nnzmin: 3
boun_nnzavg: 71.409253
boun_nnzmax: 336
decom_cmin: 1
decom_cavg: 19.245552
decom_cmax: 58
decom_nmin: 3
decom_navg: 34.587189
decom_nmax: 128
decom_nnzmin: 3
decom_nnzavg: 46.270463
decom_nnzmax: 198
totreplwgt: 275308
minpartwgt: 104376
avgpartwgt: 108622.531250
maxpartwgt: 113496
fincut: 54
finimbal: 0.044866
