inicut: 77832
iniimbal: 0.046072
replr: 0.010000
maxreplwgt: 290684
boun_cmin: 1
boun_cavg: 26.279863
boun_cmax: 101
boun_nmin: 2
boun_navg: 51.952218
boun_nmax: 228
boun_nnzmin: 2
boun_nnzavg: 76.757679
boun_nnzmax: 398
decom_cmin: 1
decom_cavg: 19.440273
decom_cmax: 61
decom_nmin: 2
decom_navg: 32.774744
decom_nmax: 131
decom_nnzmin: 2
decom_nnzavg: 42.986348
decom_nnzmax: 227
totreplwgt: 290660
minpartwgt: 109800
avgpartwgt: 114684.015625
maxpartwgt: 118780
fincut: 0
finimbal: 0.035715
