inicut: 77832
iniimbal: 0.046072
replr: 0.010000
maxreplwgt: 290684
boun_cmin: 1
boun_cavg: 26.891986
boun_cmax: 101
boun_nmin: 2
boun_navg: 52.871080
boun_nmax: 228
boun_nnzmin: 2
boun_nnzavg: 78.449477
boun_nnzmax: 398
decom_cmin: 1
decom_cavg: 20.121951
decom_cmax: 66
decom_nmin: 2
decom_navg: 33.752613
decom_nmax: 133
decom_nnzmin: 2
decom_nnzavg: 44.665505
decom_nnzmax: 245
totreplwgt: 290684
minpartwgt: 108996
avgpartwgt: 114684.109375
maxpartwgt: 118780
fincut: 0
finimbal: 0.035715
