inicut: 77832
iniimbal: 0.046072
replr: 0.010000
maxreplwgt: 290684
boun_cmin: 1
boun_cavg: 26.742160
boun_cmax: 101
boun_nmin: 2
boun_navg: 52.717770
boun_nmax: 228
boun_nnzmin: 2
boun_nnzavg: 77.895470
boun_nnzmax: 398
decom_cmin: 1
decom_cavg: 19.874564
decom_cmax: 61
decom_nmin: 2
decom_navg: 33.358885
decom_nmax: 131
decom_nnzmin: 2
decom_nnzavg: 43.790941
decom_nnzmax: 219
totreplwgt: 290676
minpartwgt: 109992
avgpartwgt: 114684.078125
maxpartwgt: 118780
fincut: 0
finimbal: 0.035715
