inicut: 35246
iniimbal: 0.045804
replr: 0.100000
maxreplwgt: 75688
boun_cmin: 4
boun_cavg: 16.871094
boun_cmax: 34
boun_nmin: 10
boun_navg: 40.367188
boun_nmax: 83
boun_nnzmin: 13
boun_nnzavg: 63.859375
boun_nnzmax: 147
decom_cmin: 4
decom_cavg: 8.863281
decom_cmax: 9
decom_nmin: 9
decom_navg: 9.234375
decom_nmax: 21
decom_nnzmin: 2
decom_nnzavg: 6.679688
decom_nnzmax: 25
totreplwgt: 72672
minpartwgt: 3228
avgpartwgt: 3240.453125
maxpartwgt: 3252
fincut: 22769
finimbal: 0.003563
