inicut: 50172
iniimbal: 0.052818
replr: 0.010000
maxreplwgt: 290684
boun_cmin: 2
boun_cavg: 31.857143
boun_cmax: 119
boun_nmin: 5
boun_navg: 62.817460
boun_nmax: 240
boun_nnzmin: 5
boun_nnzavg: 92.071429
boun_nnzmax: 409
decom_cmin: 2
decom_cavg: 27.555556
decom_cmax: 72
decom_nmin: 5
decom_navg: 49.650794
decom_nmax: 153
decom_nnzmin: 5
decom_nnzavg: 68.888889
decom_nnzmax: 235
totreplwgt: 290680
minpartwgt: 222764
avgpartwgt: 229368.187500
maxpartwgt: 239092
fincut: 0
finimbal: 0.042394
