inicut: 71904
iniimbal: 0.055314
replr: 0.010000
maxreplwgt: 275320
boun_cmin: 1
boun_cavg: 23.911972
boun_cmax: 96
boun_nmin: 2
boun_navg: 47.802817
boun_nmax: 185
boun_nnzmin: 2
boun_nnzavg: 70.323944
boun_nnzmax: 337
decom_cmin: 1
decom_cavg: 18.911972
decom_cmax: 58
decom_nmin: 2
decom_navg: 33.971831
decom_nmax: 121
decom_nnzmin: 2
decom_nnzavg: 45.531690
decom_nnzmax: 186
totreplwgt: 275316
minpartwgt: 104376
avgpartwgt: 108622.562500
maxpartwgt: 113496
fincut: 0
finimbal: 0.044866
