inicut: 72240
iniimbal: 0.105523
replr: 0.010000
maxreplwgt: 109974
boun_cmin: 1
boun_cavg: 25.710983
boun_cmax: 85
boun_nmin: 3
boun_navg: 51.630058
boun_nmax: 187
boun_nnzmin: 5
boun_nnzavg: 81.329480
boun_nnzmax: 322
decom_cmin: 1
decom_cavg: 17.601156
decom_cmax: 48
decom_nmin: 3
decom_navg: 22.254335
decom_nmax: 64
decom_nnzmin: 5
decom_nnzavg: 26.867052
decom_nnzmax: 111
totreplwgt: 109960
minpartwgt: 37404
avgpartwgt: 43388.390625
maxpartwgt: 47492
fincut: 37932
finimbal: 0.094579
