c: 14185
n: 33414
nnz: 94857
avgcelldeg: 6.687134
avgcellw: 53.358054
avgnetdeg: 2.838840
avgnetw: 6.715568
