c: 46103
n: 78371
nnz: 239422
avgcelldeg: 5.193198
avgcellw: 53.483982
avgnetdeg: 3.054982
avgnetw: 13.071047
