c: 556115
n: 781219
nnz: 2270120
avgcelldeg: 4.082105
avgcellw: 49.507854
avgnetdeg: 2.905869
avgnetw: 8.924144
