c: 5389
n: 13003
nnz: 32945
avgcelldeg: 6.113379
avgcellw: 46.911115
avgnetdeg: 2.533646
avgnetw: 8.427517
