c: 601672
n: 811166
nnz: 2332870
avgcelldeg: 3.877312
avgcellw: 48.312782
avgnetdeg: 2.875946
avgnetw: 9.530999
