c: 213371
n: 319305
nnz: 967917
avgcelldeg: 4.536310
avgcellw: 51.541531
avgnetdeg: 3.031324
avgnetw: 9.132034
