c: 22987
n: 44944
nnz: 131603
avgcelldeg: 5.725105
avgcellw: 52.503937
avgnetdeg: 2.928155
avgnetw: 8.322757
