c: 652063
n: 824650
nnz: 2427615
avgcelldeg: 3.722976
avgcellw: 48.978304
avgnetdeg: 2.943813
avgnetw: 11.786824
