c: 317100
n: 512754
nnz: 1443433
avgcelldeg: 4.551980
avgcellw: 49.014847
avgnetdeg: 2.815059
avgnetw: 8.952006
