inicut: 44304
iniimbal: 0.047039
replr: 0.100000
maxreplwgt: 2753206
boun_cmin: 1
boun_cavg: 31.354545
boun_cmax: 89
boun_nmin: 2
boun_navg: 59.354545
boun_nmax: 177
boun_nnzmin: 2
boun_nnzavg: 90.218182
boun_nnzmax: 291
decom_cmin: 1
decom_cavg: 31.354545
decom_cmax: 89
decom_nmin: 2
decom_navg: 59.354545
decom_nmax: 177
decom_nnzmin: 2
decom_nnzavg: 90.218182
decom_nnzmax: 291
totreplwgt: 2751016
minpartwgt: 236576
avgpartwgt: 236586.531250
maxpartwgt: 236600
fincut: 0
finimbal: 0.000057
