inicut: 15993
iniimbal: 9.479740
replr: 0.010000
maxreplwgt: 23124
boun_cmin: 1
boun_cavg: 165.780220
boun_cmax: 850
boun_nmin: 1
boun_navg: 88.494505
boun_nmax: 518
boun_nnzmin: 1
boun_nnzavg: 256.769231
boun_nnzmax: 1375
decom_cmin: 1
decom_cavg: 51.109890
decom_cmax: 132
decom_nmin: 1
decom_navg: 47.461538
decom_nmax: 90
decom_nnzmin: 1
decom_nnzavg: 117.967033
decom_nnzmax: 1375
totreplwgt: 23124
minpartwgt: 11
avgpartwgt: 18247.039062
maxpartwgt: 189331
fincut: 14937
finimbal: 9.375985
