inicut: 24328
iniimbal: 0.081502
replr: 0.100000
maxreplwgt: 25280
boun_cmin: 2
boun_cavg: 6.796813
boun_cmax: 15
boun_nmin: 2
boun_navg: 16.394422
boun_nmax: 34
boun_nnzmin: 2
boun_nnzavg: 18.980080
boun_nnzmax: 46
decom_cmin: 2
decom_cavg: 6.501992
decom_cmax: 13
decom_nmin: 2
decom_navg: 14.294821
decom_nmax: 27
decom_nnzmin: 2
decom_nnzavg: 16.015936
decom_nnzmax: 29
totreplwgt: 22188
minpartwgt: 1060
avgpartwgt: 1074.187500
maxpartwgt: 1084
fincut: 12931
finimbal: 0.009135
