inicut: 44470
iniimbal: 0.926828
replr: 0.100000
maxreplwgt: 120690
boun_cmin: 1
boun_cavg: 12.818428
boun_cmax: 42
boun_nmin: 1
boun_navg: 31.000000
boun_nmax: 107
boun_nnzmin: 1
boun_nnzavg: 47.379404
boun_nnzmax: 180
decom_cmin: 1
decom_cavg: 6.644986
decom_cmax: 24
decom_nmin: 1
decom_navg: 10.953930
decom_nmax: 67
decom_nnzmin: 1
decom_nnzavg: 12.728997
decom_nnzmax: 91
totreplwgt: 120668
minpartwgt: 0
avgpartwgt: 5185.843750
maxpartwgt: 9084
fincut: 5930
finimbal: 0.751692
