inicut: 20877
iniimbal: 0.067450
replr: 0.100000
maxreplwgt: 75688
boun_cmin: 1
boun_cavg: 15.870968
boun_cmax: 34
boun_nmin: 2
boun_navg: 38.629032
boun_nmax: 80
boun_nnzmin: 2
boun_nnzavg: 60.556452
boun_nnzmax: 151
decom_cmin: 1
decom_cavg: 10.362903
decom_cmax: 18
decom_nmin: 2
decom_navg: 13.572581
decom_nmax: 30
decom_nnzmin: 2
decom_nnzavg: 15.806452
decom_nnzmax: 41
totreplwgt: 74332
minpartwgt: 6480
avgpartwgt: 6493.875000
maxpartwgt: 6504
fincut: 1800
finimbal: 0.001559
