inicut: 59526
iniimbal: 0.061243
replr: 0.100000
maxreplwgt: 3193694
boun_cmin: 2
boun_cavg: 34.485714
boun_cmax: 113
boun_nmin: 2
boun_navg: 62.819048
boun_nmax: 230
boun_nnzmin: 4
boun_nnzavg: 99.628571
boun_nnzmax: 433
decom_cmin: 2
decom_cavg: 34.485714
decom_cmax: 113
decom_nmin: 2
decom_navg: 62.819048
decom_nmax: 230
decom_nnzmin: 4
decom_nnzavg: 99.628571
decom_nnzmax: 433
totreplwgt: 3191792
minpartwgt: 274432
avgpartwgt: 274443.218750
maxpartwgt: 274456
fincut: 0
finimbal: 0.000047
