inicut: 39633
iniimbal: 0.041952
replr: 0.010000
maxreplwgt: 24657
boun_cmin: 1
boun_cavg: 19.142857
boun_cmax: 71
boun_nmin: 1
boun_navg: 42.230769
boun_nmax: 150
boun_nnzmin: 1
boun_nnzavg: 64.340659
boun_nnzmax: 269
decom_cmin: 1
decom_cavg: 10.890110
decom_cmax: 12
decom_nmin: 1
decom_navg: 11.934066
decom_nmax: 30
decom_nnzmin: 1
decom_nnzavg: 8.296703
decom_nnzmax: 36
totreplwgt: 24644
minpartwgt: 18708
avgpartwgt: 19456.375000
maxpartwgt: 20072
fincut: 28872
finimbal: 0.031641
