inicut: 66437
iniimbal: 0.385393
replr: 0.100000
maxreplwgt: 246577
boun_cmin: 1
boun_cavg: 13.359073
boun_cmax: 53
boun_nmin: 1
boun_navg: 29.119691
boun_nmax: 119
boun_nnzmin: 1
boun_nnzavg: 47.332046
boun_nnzmax: 241
decom_cmin: 1
decom_cavg: 9.583012
decom_cmax: 27
decom_nmin: 1
decom_navg: 15.509653
decom_nmax: 48
decom_nnzmin: 1
decom_nnzavg: 20.876448
decom_nnzmax: 75
totreplwgt: 246552
minpartwgt: 10260
avgpartwgt: 10595.015625
maxpartwgt: 13344
fincut: 0
finimbal: 0.259460
