inicut: 66437
iniimbal: 0.385393
replr: 0.010000
maxreplwgt: 24657
boun_cmin: 1
boun_cavg: 20.925000
boun_cmax: 54
boun_nmin: 3
boun_navg: 45.706250
boun_nmax: 125
boun_nnzmin: 3
boun_nnzavg: 73.200000
boun_nnzmax: 240
decom_cmin: 1
decom_cavg: 11.300000
decom_cmax: 12
decom_nmin: 3
decom_navg: 12.168750
decom_nmax: 30
decom_nnzmin: 2
decom_nnzavg: 8.412500
decom_nnzmax: 36
totreplwgt: 24652
minpartwgt: 5476
avgpartwgt: 9728.218750
maxpartwgt: 13344
fincut: 55660
finimbal: 0.371680
