inicut: 39633
iniimbal: 0.041952
replr: 0.010000
maxreplwgt: 24657
boun_cmin: 1
boun_cavg: 20.414634
boun_cmax: 61
boun_nmin: 1
boun_navg: 45.048780
boun_nmax: 135
boun_nnzmin: 1
boun_nnzavg: 68.500000
boun_nnzmax: 232
decom_cmin: 1
decom_cavg: 11.500000
decom_cmax: 12
decom_nmin: 1
decom_navg: 12.304878
decom_nmax: 30
decom_nnzmin: 1
decom_nnzavg: 8.817073
decom_nnzmax: 36
totreplwgt: 24632
minpartwgt: 18680
avgpartwgt: 19456.281250
maxpartwgt: 20072
fincut: 28954
finimbal: 0.031646
