inicut: 27834
iniimbal: 0.243402
replr: 0.100000
maxreplwgt: 120690
boun_cmin: 1
boun_cavg: 13.570423
boun_cmax: 48
boun_nmin: 2
boun_navg: 31.626761
boun_nmax: 102
boun_nnzmin: 2
boun_nnzavg: 50.992958
boun_nnzmax: 207
decom_cmin: 1
decom_cavg: 10.049296
decom_cmax: 23
decom_nmin: 2
decom_navg: 17.267606
decom_nmax: 53
decom_nnzmin: 2
decom_nnzavg: 23.845070
decom_nnzmax: 84
totreplwgt: 120684
minpartwgt: 9936
avgpartwgt: 10371.812500
maxpartwgt: 11724
fincut: 230
finimbal: 0.130371
