inicut: 45089
iniimbal: 0.070373
replr: 0.010000
maxreplwgt: 109974
boun_cmin: 1
boun_cavg: 26.656000
boun_cmax: 81
boun_nmin: 2
boun_navg: 57.640000
boun_nmax: 186
boun_nnzmin: 2
boun_nnzavg: 86.024000
boun_nnzmax: 304
decom_cmin: 1
decom_cavg: 20.552000
decom_cmax: 49
decom_nmin: 2
decom_navg: 32.896000
decom_nmax: 122
decom_nnzmin: 2
decom_nnzavg: 42.104000
decom_nnzmax: 165
totreplwgt: 109960
minpartwgt: 81788
avgpartwgt: 86776.781250
maxpartwgt: 91964
fincut: 10477
finimbal: 0.059777
