inicut: 71904
iniimbal: 0.055314
replr: 0.010000
maxreplwgt: 275320
boun_cmin: 1
boun_cavg: 23.820423
boun_cmax: 92
boun_nmin: 1
boun_navg: 47.654930
boun_nmax: 179
boun_nnzmin: 1
boun_nnzavg: 70.031690
boun_nnzmax: 325
decom_cmin: 1
decom_cavg: 19.031690
decom_cmax: 58
decom_nmin: 1
decom_navg: 34.292254
decom_nmax: 119
decom_nnzmin: 1
decom_nnzavg: 45.904930
decom_nnzmax: 185
totreplwgt: 275296
minpartwgt: 104376
avgpartwgt: 108622.484375
maxpartwgt: 113496
fincut: 83
finimbal: 0.044867
