inicut: 39633
iniimbal: 0.041952
replr: 0.010000
maxreplwgt: 24657
boun_cmin: 1
boun_cavg: 20.414634
boun_cmax: 71
boun_nmin: 1
boun_navg: 45.219512
boun_nmax: 150
boun_nnzmin: 1
boun_nnzavg: 69.341463
boun_nnzmax: 269
decom_cmin: 1
decom_cavg: 11.463415
decom_cmax: 12
decom_nmin: 1
decom_navg: 12.195122
decom_nmax: 30
decom_nnzmin: 1
decom_nnzavg: 8.670732
decom_nnzmax: 36
totreplwgt: 24656
minpartwgt: 18680
avgpartwgt: 19456.468750
maxpartwgt: 20072
fincut: 29496
finimbal: 0.031636
