inicut: 50172
iniimbal: 0.052818
replr: 0.010000
maxreplwgt: 290684
boun_cmin: 1
boun_cavg: 31.304688
boun_cmax: 100
boun_nmin: 2
boun_navg: 61.773438
boun_nmax: 211
boun_nnzmin: 2
boun_nnzavg: 90.531250
boun_nnzmax: 342
decom_cmin: 1
decom_cavg: 27.070312
decom_cmax: 72
decom_nmin: 2
decom_navg: 48.671875
decom_nmax: 153
decom_nnzmin: 2
decom_nnzavg: 67.562500
decom_nnzmax: 235
totreplwgt: 290684
minpartwgt: 222764
avgpartwgt: 229368.218750
maxpartwgt: 239092
fincut: 0
finimbal: 0.042394
