inicut: 72240
iniimbal: 0.105523
replr: 0.100000
maxreplwgt: 1099746
boun_cmin: 1
boun_cavg: 20.730769
boun_cmax: 86
boun_nmin: 1
boun_navg: 44.782051
boun_nmax: 187
boun_nnzmin: 1
boun_nnzavg: 68.000000
boun_nnzmax: 325
decom_cmin: 1
decom_cavg: 18.688034
decom_cmax: 59
decom_nmin: 1
decom_navg: 39.299145
decom_nmax: 135
decom_nnzmin: 1
decom_nnzavg: 57.380342
decom_nnzmax: 211
totreplwgt: 1096976
minpartwgt: 47228
avgpartwgt: 47243.921875
maxpartwgt: 47492
fincut: 225
finimbal: 0.005251
