inicut: 44304
iniimbal: 0.047039
replr: 0.010000
maxreplwgt: 275320
boun_cmin: 1
boun_cavg: 29.537313
boun_cmax: 109
boun_nmin: 1
boun_navg: 59.059701
boun_nmax: 185
boun_nnzmin: 1
boun_nnzavg: 85.574627
boun_nnzmax: 305
decom_cmin: 1
decom_cavg: 24.156716
decom_cmax: 58
decom_nmin: 1
decom_navg: 43.507463
decom_nmax: 125
decom_nnzmin: 1
decom_nnzavg: 58.470149
decom_nnzmax: 176
totreplwgt: 275312
minpartwgt: 207432
avgpartwgt: 217245.093750
maxpartwgt: 225212
fincut: 123
finimbal: 0.036672
