inicut: 59526
iniimbal: 0.061243
replr: 0.010000
maxreplwgt: 319369
boun_cmin: 1
boun_cavg: 31.261905
boun_cmax: 95
boun_nmin: 2
boun_navg: 59.833333
boun_nmax: 177
boun_nnzmin: 2
boun_nnzavg: 91.253968
boun_nnzmax: 312
decom_cmin: 1
decom_cavg: 25.071429
decom_cmax: 95
decom_nmin: 2
decom_navg: 44.119048
decom_nmax: 175
decom_nnzmin: 2
decom_nnzavg: 62.063492
decom_nnzmax: 284
totreplwgt: 319368
minpartwgt: 244328
avgpartwgt: 252002.406250
maxpartwgt: 264788
fincut: 20
finimbal: 0.050736
