inicut: 35246
iniimbal: 0.045804
replr: 0.100000
maxreplwgt: 75688
boun_cmin: 2
boun_cavg: 16.988281
boun_cmax: 34
boun_nmin: 8
boun_navg: 40.531250
boun_nmax: 83
boun_nnzmin: 8
boun_nnzavg: 64.265625
boun_nnzmax: 147
decom_cmin: 2
decom_cavg: 8.839844
decom_cmax: 9
decom_nmin: 8
decom_navg: 9.207031
decom_nmax: 21
decom_nnzmin: 2
decom_nnzavg: 6.601562
decom_nnzmax: 25
totreplwgt: 72952
minpartwgt: 3228
avgpartwgt: 3241.546875
maxpartwgt: 3252
fincut: 22841
finimbal: 0.003225
