inicut: 27834
iniimbal: 0.243402
replr: 0.010000
maxreplwgt: 12069
boun_cmin: 4
boun_cavg: 17.051724
boun_cmax: 42
boun_nmin: 9
boun_navg: 41.620690
boun_nmax: 106
boun_nnzmin: 12
boun_nnzavg: 58.017241
boun_nnzmax: 177
decom_cmin: 4
decom_cavg: 11.120690
decom_cmax: 20
decom_nmin: 9
decom_navg: 12.655172
decom_nmax: 47
decom_nnzmin: 3
decom_nnzavg: 9.586207
decom_nnzmax: 70
totreplwgt: 12064
minpartwgt: 7648
avgpartwgt: 9523.218750
maxpartwgt: 11724
fincut: 23697
finimbal: 0.231096
