inicut: 50172
iniimbal: 0.052818
replr: 0.010000
maxreplwgt: 290684
boun_cmin: 1
boun_cavg: 32.495935
boun_cmax: 117
boun_nmin: 5
boun_navg: 64.105691
boun_nmax: 235
boun_nnzmin: 5
boun_nnzavg: 93.642276
boun_nnzmax: 394
decom_cmin: 1
decom_cavg: 28.105691
decom_cmax: 94
decom_nmin: 5
decom_navg: 50.650407
decom_nmax: 189
decom_nnzmin: 5
decom_nnzavg: 70.121951
decom_nnzmax: 314
totreplwgt: 290660
minpartwgt: 222764
avgpartwgt: 229368.031250
maxpartwgt: 239092
fincut: 0
finimbal: 0.042395
