inicut: 46231
iniimbal: 0.049589
replr: 0.010000
maxreplwgt: 155426
boun_cmin: 1
boun_cavg: 28.818841
boun_cmax: 82
boun_nmin: 2
boun_navg: 60.644928
boun_nmax: 187
boun_nnzmin: 2
boun_nnzavg: 86.550725
boun_nnzmax: 273
decom_cmin: 1
decom_cavg: 22.565217
decom_cmax: 56
decom_nmin: 2
decom_navg: 39.210145
decom_nmax: 119
decom_nnzmin: 2
decom_nnzavg: 51.275362
decom_nnzmax: 172
totreplwgt: 155420
minpartwgt: 115916
avgpartwgt: 122640.843750
maxpartwgt: 127448
fincut: 1264
finimbal: 0.039197
