inicut: 15805
iniimbal: 0.045047
replr: 0.010000
maxreplwgt: 2528
boun_cmin: 1
boun_cavg: 7.794872
boun_cmax: 18
boun_nmin: 1
boun_navg: 18.769231
boun_nmax: 49
boun_nnzmin: 1
boun_nnzavg: 21.384615
boun_nnzmax: 63
decom_cmin: 1
decom_cavg: 7.076923
decom_cmax: 15
decom_nmin: 1
decom_navg: 13.615385
decom_nmax: 29
decom_nnzmin: 1
decom_nnzavg: 14.153846
decom_nnzmax: 29
totreplwgt: 2524
minpartwgt: 1956
avgpartwgt: 1994.750000
maxpartwgt: 2064
fincut: 14197
finimbal: 0.034716
