inicut: 35246
iniimbal: 0.045804
replr: 0.100000
maxreplwgt: 75688
boun_cmin: 2
boun_cavg: 16.925781
boun_cmax: 36
boun_nmin: 8
boun_navg: 40.687500
boun_nmax: 86
boun_nnzmin: 8
boun_nnzavg: 64.285156
boun_nnzmax: 150
decom_cmin: 2
decom_cavg: 8.855469
decom_cmax: 9
decom_nmin: 8
decom_navg: 9.175781
decom_nmax: 21
decom_nnzmin: 2
decom_nnzavg: 6.539062
decom_nnzmax: 24
totreplwgt: 72624
minpartwgt: 3228
avgpartwgt: 3240.265625
maxpartwgt: 3252
fincut: 22953
finimbal: 0.003621
