inicut: 35246
iniimbal: 0.045804
replr: 0.100000
maxreplwgt: 75688
boun_cmin: 4
boun_cavg: 16.921875
boun_cmax: 36
boun_nmin: 10
boun_navg: 40.648438
boun_nmax: 86
boun_nnzmin: 13
boun_nnzavg: 64.160156
boun_nnzmax: 150
decom_cmin: 4
decom_cavg: 8.851562
decom_cmax: 9
decom_nmin: 9
decom_navg: 9.226562
decom_nmax: 21
decom_nnzmin: 2
decom_nnzavg: 6.609375
decom_nnzmax: 25
totreplwgt: 72800
minpartwgt: 3228
avgpartwgt: 3240.953125
maxpartwgt: 3252
fincut: 22523
finimbal: 0.003409
