inicut: 66437
iniimbal: 0.385393
replr: 0.100000
maxreplwgt: 246577
boun_cmin: 1
boun_cavg: 13.247232
boun_cmax: 50
boun_nmin: 1
boun_navg: 29.937269
boun_nmax: 118
boun_nnzmin: 1
boun_nnzavg: 47.107011
boun_nnzmax: 199
decom_cmin: 1
decom_cavg: 8.649446
decom_cmax: 23
decom_nmin: 1
decom_navg: 16.597786
decom_nmax: 54
decom_nnzmin: 1
decom_nnzavg: 22.690037
decom_nnzmax: 94
totreplwgt: 246560
minpartwgt: 10248
avgpartwgt: 10595.046875
maxpartwgt: 13344
fincut: 0
finimbal: 0.259456
