inicut: 59526
iniimbal: 0.061243
replr: 0.100000
maxreplwgt: 3193694
boun_cmin: 1
boun_cavg: 33.327103
boun_cmax: 107
boun_nmin: 3
boun_navg: 61.644860
boun_nmax: 198
boun_nnzmin: 5
boun_nnzavg: 96.813084
boun_nnzmax: 382
decom_cmin: 1
decom_cavg: 33.327103
decom_cmax: 107
decom_nmin: 3
decom_navg: 61.644860
decom_nmax: 198
decom_nnzmin: 5
decom_nnzavg: 96.813084
decom_nnzmax: 382
totreplwgt: 3191888
minpartwgt: 274432
avgpartwgt: 274443.968750
maxpartwgt: 274456
fincut: 0
finimbal: 0.000044
