inicut: 77832
iniimbal: 0.046072
replr: 0.010000
maxreplwgt: 290684
boun_cmin: 1
boun_cavg: 26.581315
boun_cmax: 101
boun_nmin: 1
boun_navg: 52.387543
boun_nmax: 228
boun_nnzmin: 1
boun_nnzavg: 77.425606
boun_nnzmax: 398
decom_cmin: 1
decom_cavg: 19.858131
decom_cmax: 67
decom_nmin: 1
decom_navg: 33.525952
decom_nmax: 131
decom_nnzmin: 1
decom_nnzavg: 44.311419
decom_nnzmax: 241
totreplwgt: 290676
minpartwgt: 109988
avgpartwgt: 114684.078125
maxpartwgt: 118780
fincut: 0
finimbal: 0.035715
