inicut: 92628
iniimbal: 0.156455
replr: 0.100000
maxreplwgt: 3193694
boun_cmin: 1
boun_cavg: 25.599119
boun_cmax: 91
boun_nmin: 2
boun_navg: 44.925110
boun_nmax: 158
boun_nnzmin: 2
boun_nnzavg: 73.982379
boun_nnzmax: 315
decom_cmin: 1
decom_cavg: 25.599119
decom_cmax: 91
decom_nmin: 2
decom_navg: 44.925110
decom_nmax: 158
decom_nnzmin: 2
decom_nnzavg: 73.982379
decom_nnzmax: 315
totreplwgt: 3193668
minpartwgt: 132384
avgpartwgt: 137228.937500
maxpartwgt: 144272
fincut: 0
finimbal: 0.051323
