inicut: 50172
iniimbal: 0.052818
replr: 0.010000
maxreplwgt: 290684
boun_cmin: 1
boun_cavg: 32.317829
boun_cmax: 141
boun_nmin: 1
boun_navg: 60.480620
boun_nmax: 256
boun_nnzmin: 1
boun_nnzavg: 93.720930
boun_nnzmax: 488
decom_cmin: 1
decom_cavg: 28.449612
decom_cmax: 74
decom_nmin: 1
decom_navg: 47.155039
decom_nmax: 134
decom_nnzmin: 1
decom_nnzavg: 68.341085
decom_nnzmax: 204
totreplwgt: 290676
minpartwgt: 222608
avgpartwgt: 229368.156250
maxpartwgt: 239092
fincut: 0
finimbal: 0.042394
