inicut: 45089
iniimbal: 0.070373
replr: 0.100000
maxreplwgt: 1099746
boun_cmin: 1
boun_cavg: 26.063063
boun_cmax: 84
boun_nmin: 2
boun_navg: 57.117117
boun_nmax: 195
boun_nnzmin: 2
boun_nnzavg: 85.936937
boun_nnzmax: 327
decom_cmin: 1
decom_cavg: 26.063063
decom_cmax: 84
decom_nmin: 2
decom_navg: 54.972973
decom_nmax: 187
decom_nnzmin: 2
decom_nnzavg: 81.252252
decom_nnzmax: 304
totreplwgt: 1098036
minpartwgt: 94484
avgpartwgt: 94496.125000
maxpartwgt: 94508
fincut: 0
finimbal: 0.000126
