inicut: 35246
iniimbal: 0.045804
replr: 0.100000
maxreplwgt: 75688
boun_cmin: 2
boun_cavg: 16.996094
boun_cmax: 34
boun_nmin: 8
boun_navg: 40.585938
boun_nmax: 81
boun_nnzmin: 8
boun_nnzavg: 64.265625
boun_nnzmax: 139
decom_cmin: 2
decom_cavg: 8.847656
decom_cmax: 9
decom_nmin: 8
decom_navg: 9.214844
decom_nmax: 21
decom_nnzmin: 2
decom_nnzavg: 6.644531
decom_nnzmax: 24
totreplwgt: 72556
minpartwgt: 3228
avgpartwgt: 3240.000000
maxpartwgt: 3252
fincut: 23203
finimbal: 0.003704
