inicut: 50172
iniimbal: 0.052818
replr: 0.100000
maxreplwgt: 2906844
boun_cmin: 4
boun_cavg: 35.185185
boun_cmax: 100
boun_nmin: 5
boun_navg: 64.250000
boun_nmax: 202
boun_nnzmin: 11
boun_nnzavg: 99.888889
boun_nnzmax: 346
decom_cmin: 4
decom_cavg: 35.185185
decom_cmax: 100
decom_nmin: 5
decom_navg: 64.250000
decom_nmax: 202
decom_nnzmin: 11
decom_nnzavg: 99.888889
decom_nnzmax: 346
totreplwgt: 2904976
minpartwgt: 249780
avgpartwgt: 249792.375000
maxpartwgt: 249804
fincut: 0
finimbal: 0.000047
