inicut: 46231
iniimbal: 0.049589
replr: 0.010000
maxreplwgt: 155426
boun_cmin: 2
boun_cavg: 29.813433
boun_cmax: 67
boun_nmin: 2
boun_navg: 62.634328
boun_nmax: 156
boun_nnzmin: 2
boun_nnzavg: 89.455224
boun_nnzmax: 219
decom_cmin: 2
decom_cavg: 22.768657
decom_cmax: 56
decom_nmin: 2
decom_navg: 39.432836
decom_nmax: 119
decom_nnzmin: 2
decom_nnzavg: 51.335821
decom_nnzmax: 172
totreplwgt: 155424
minpartwgt: 115944
avgpartwgt: 122640.875000
maxpartwgt: 127448
fincut: 1561
finimbal: 0.039197
