inicut: 59526
iniimbal: 0.061243
replr: 0.010000
maxreplwgt: 319369
boun_cmin: 1
boun_cavg: 31.133858
boun_cmax: 104
boun_nmin: 2
boun_navg: 59.543307
boun_nmax: 185
boun_nnzmin: 2
boun_nnzavg: 90.850394
boun_nnzmax: 309
decom_cmin: 1
decom_cavg: 24.440945
decom_cmax: 75
decom_nmin: 2
decom_navg: 42.929134
decom_nmax: 145
decom_nnzmin: 2
decom_nnzavg: 59.905512
decom_nnzmax: 220
totreplwgt: 319352
minpartwgt: 244328
avgpartwgt: 252002.281250
maxpartwgt: 264788
fincut: 0
finimbal: 0.050737
