inicut: 66437
iniimbal: 0.385393
replr: 0.010000
maxreplwgt: 24657
boun_cmin: 2
boun_cavg: 21.620915
boun_cmax: 54
boun_nmin: 4
boun_navg: 46.895425
boun_nmax: 125
boun_nnzmin: 4
boun_nnzavg: 75.607843
boun_nnzmax: 240
decom_cmin: 2
decom_cavg: 11.549020
decom_cmax: 12
decom_nmin: 4
decom_navg: 12.019608
decom_nmax: 26
decom_nnzmin: 2
decom_nnzavg: 7.980392
decom_nnzmax: 31
totreplwgt: 24656
minpartwgt: 5504
avgpartwgt: 9728.234375
maxpartwgt: 13344
fincut: 56829
finimbal: 0.371677
