inicut: 298092
iniimbal: 0.062517
replr: 0.100000
maxreplwgt: 9227
boun_cmin: 8
boun_cavg: 332.456522
boun_cmax: 6739
boun_nmin: 1
boun_navg: 440.101449
boun_nmax: 14686
boun_nnzmin: 8
boun_nnzavg: 2083.913043
boun_nnzmax: 29919
decom_cmin: 8
decom_cavg: 93.304348
decom_cmax: 151
decom_nmin: 1
decom_navg: 75.963768
decom_nmax: 151
decom_nnzmin: 8
decom_nnzavg: 163.608696
decom_nnzmax: 1596
totreplwgt: 9097
minpartwgt: 396
avgpartwgt: 396.000000
maxpartwgt: 396
fincut: 295633
finimbal: 0.000000
