inicut: 35246
iniimbal: 0.045804
replr: 0.010000
maxreplwgt: 7568
boun_cmin: 1
boun_cavg: 9.082759
boun_cmax: 23
boun_nmin: 1
boun_navg: 20.793103
boun_nmax: 56
boun_nnzmin: 1
boun_nnzavg: 23.475862
boun_nnzmax: 70
decom_cmin: 1
decom_cavg: 6.620690
decom_cmax: 7
decom_nmin: 1
decom_navg: 6.827586
decom_nmax: 13
decom_nnzmin: 1
decom_nnzavg: 4.248276
decom_nnzmax: 15
totreplwgt: 7556
minpartwgt: 2864
avgpartwgt: 2986.093750
maxpartwgt: 3092
fincut: 33025
finimbal: 0.035466
