inicut: 27834
iniimbal: 0.243402
replr: 0.100000
maxreplwgt: 120690
boun_cmin: 1
boun_cavg: 14.253425
boun_cmax: 50
boun_nmin: 2
boun_navg: 35.349315
boun_nmax: 124
boun_nnzmin: 3
boun_nnzavg: 54.308219
boun_nnzmax: 222
decom_cmin: 1
decom_cavg: 9.979452
decom_cmax: 27
decom_nmin: 2
decom_navg: 20.095890
decom_nmax: 62
decom_nnzmin: 3
decom_nnzavg: 27.376712
decom_nnzmax: 117
totreplwgt: 120664
minpartwgt: 9872
avgpartwgt: 10371.656250
maxpartwgt: 11724
fincut: 319
finimbal: 0.130388
