inicut: 71904
iniimbal: 0.055314
replr: 0.010000
maxreplwgt: 275320
boun_cmin: 1
boun_cavg: 23.933333
boun_cmax: 94
boun_nmin: 2
boun_navg: 47.778947
boun_nmax: 181
boun_nnzmin: 2
boun_nnzavg: 70.371930
boun_nnzmax: 329
decom_cmin: 1
decom_cavg: 18.870175
decom_cmax: 58
decom_nmin: 2
decom_navg: 33.810526
decom_nmax: 109
decom_nnzmin: 2
decom_nnzavg: 45.161404
decom_nnzmax: 158
totreplwgt: 275296
minpartwgt: 104232
avgpartwgt: 108622.484375
maxpartwgt: 113496
fincut: 137
finimbal: 0.044867
