inicut: 35246
iniimbal: 0.045804
replr: 0.100000
maxreplwgt: 75688
boun_cmin: 2
boun_cavg: 17.097656
boun_cmax: 34
boun_nmin: 8
boun_navg: 40.949219
boun_nmax: 82
boun_nnzmin: 8
boun_nnzavg: 64.687500
boun_nnzmax: 145
decom_cmin: 2
decom_cavg: 8.855469
decom_cmax: 9
decom_nmin: 8
decom_navg: 9.175781
decom_nmax: 21
decom_nnzmin: 2
decom_nnzavg: 6.542969
decom_nnzmax: 24
totreplwgt: 72864
minpartwgt: 3228
avgpartwgt: 3241.203125
maxpartwgt: 3252
fincut: 23151
finimbal: 0.003331
