inicut: 35246
iniimbal: 0.045804
replr: 0.010000
maxreplwgt: 7568
boun_cmin: 1
boun_cavg: 9.108844
boun_cmax: 22
boun_nmin: 1
boun_navg: 20.911565
boun_nmax: 56
boun_nnzmin: 1
boun_nnzavg: 23.591837
boun_nnzmax: 70
decom_cmin: 1
decom_cavg: 6.639456
decom_cmax: 7
decom_nmin: 1
decom_navg: 6.775510
decom_nmax: 13
decom_nnzmin: 1
decom_nnzavg: 4.074830
decom_nnzmax: 13
totreplwgt: 7564
minpartwgt: 2876
avgpartwgt: 2986.125000
maxpartwgt: 3092
fincut: 33177
finimbal: 0.035456
