inicut: 77832
iniimbal: 0.046072
replr: 0.010000
maxreplwgt: 290684
boun_cmin: 1
boun_cavg: 26.606272
boun_cmax: 107
boun_nmin: 1
boun_navg: 49.909408
boun_nmax: 228
boun_nnzmin: 1
boun_nnzavg: 77.853659
boun_nnzmax: 398
decom_cmin: 1
decom_cavg: 21.331010
decom_cmax: 58
decom_nmin: 1
decom_navg: 31.965157
decom_nmax: 122
decom_nnzmin: 1
decom_nnzavg: 44.344948
decom_nnzmax: 187
totreplwgt: 290676
minpartwgt: 108456
avgpartwgt: 114684.078125
maxpartwgt: 118780
fincut: 0
finimbal: 0.035715
