inicut: 66437
iniimbal: 0.385393
replr: 0.010000
maxreplwgt: 24657
boun_cmin: 2
boun_cavg: 21.322581
boun_cmax: 54
boun_nmin: 4
boun_navg: 46.477419
boun_nmax: 125
boun_nnzmin: 4
boun_nnzavg: 74.683871
boun_nnzmax: 240
decom_cmin: 2
decom_cavg: 11.445161
decom_cmax: 12
decom_nmin: 4
decom_navg: 12.077419
decom_nmax: 30
decom_nnzmin: 2
decom_nnzavg: 8.258065
decom_nnzmax: 36
totreplwgt: 24652
minpartwgt: 5504
avgpartwgt: 9728.218750
maxpartwgt: 13344
fincut: 56034
finimbal: 0.371680
