inicut: 45089
iniimbal: 0.070373
replr: 0.010000
maxreplwgt: 109974
boun_cmin: 1
boun_cavg: 27.448819
boun_cmax: 91
boun_nmin: 2
boun_navg: 58.212598
boun_nmax: 204
boun_nnzmin: 2
boun_nnzavg: 88.031496
boun_nnzmax: 335
decom_cmin: 1
decom_cavg: 17.905512
decom_cmax: 44
decom_nmin: 2
decom_navg: 28.692913
decom_nmax: 102
decom_nnzmin: 2
decom_nnzavg: 35.338583
decom_nnzmax: 143
totreplwgt: 109948
minpartwgt: 81908
avgpartwgt: 86776.687500
maxpartwgt: 91964
fincut: 14081
finimbal: 0.059778
