inicut: 27834
iniimbal: 0.243402
replr: 0.100000
maxreplwgt: 120690
boun_cmin: 1
boun_cavg: 12.833333
boun_cmax: 44
boun_nmin: 2
boun_navg: 32.065217
boun_nmax: 106
boun_nnzmin: 2
boun_nnzavg: 48.347826
boun_nnzmax: 196
decom_cmin: 1
decom_cavg: 12.833333
decom_cmax: 44
decom_nmin: 2
decom_navg: 21.731884
decom_nmax: 58
decom_nnzmin: 2
decom_nnzavg: 28.920290
decom_nnzmax: 88
totreplwgt: 120676
minpartwgt: 10008
avgpartwgt: 10371.750000
maxpartwgt: 11724
fincut: 241
finimbal: 0.130378
