inicut: 27834
iniimbal: 0.243402
replr: 0.100000
maxreplwgt: 120690
boun_cmin: 1
boun_cavg: 14.139073
boun_cmax: 46
boun_nmin: 2
boun_navg: 34.907285
boun_nmax: 112
boun_nnzmin: 2
boun_nnzavg: 54.218543
boun_nnzmax: 182
decom_cmin: 1
decom_cavg: 9.622517
decom_cmax: 24
decom_nmin: 2
decom_navg: 19.185430
decom_nmax: 59
decom_nnzmin: 2
decom_nnzavg: 25.549669
decom_nnzmax: 96
totreplwgt: 120680
minpartwgt: 9872
avgpartwgt: 10371.781250
maxpartwgt: 11724
fincut: 319
finimbal: 0.130375
