inicut: 20877
iniimbal: 0.067450
replr: 0.100000
maxreplwgt: 75688
boun_cmin: 1
boun_cavg: 17.912698
boun_cmax: 39
boun_nmin: 3
boun_navg: 43.960317
boun_nmax: 99
boun_nnzmin: 3
boun_nnzavg: 68.960317
boun_nnzmax: 164
decom_cmin: 1
decom_cavg: 9.571429
decom_cmax: 14
decom_nmin: 3
decom_navg: 11.658730
decom_nmax: 34
decom_nnzmin: 2
decom_nnzavg: 10.880952
decom_nnzmax: 46
totreplwgt: 74196
minpartwgt: 6480
avgpartwgt: 6492.812500
maxpartwgt: 6504
fincut: 6429
finimbal: 0.001723
