inicut: 71645
iniimbal: 0.065071
replr: 0.010000
maxreplwgt: 155426
boun_cmin: 1
boun_cavg: 26.537234
boun_cmax: 67
boun_nmin: 2
boun_navg: 54.558511
boun_nmax: 135
boun_nnzmin: 2
boun_nnzavg: 78.611702
boun_nnzmax: 213
decom_cmin: 1
decom_cavg: 17.372340
decom_cmax: 49
decom_nmin: 2
decom_navg: 25.930851
decom_nmax: 96
decom_nnzmin: 2
decom_nnzavg: 30.191489
decom_nnzmax: 149
totreplwgt: 155412
minpartwgt: 58616
avgpartwgt: 61320.390625
maxpartwgt: 64664
fincut: 26838
finimbal: 0.054527
