inicut: 92628
iniimbal: 0.156455
replr: 0.010000
maxreplwgt: 319369
boun_cmin: 1
boun_cavg: 26.003717
boun_cmax: 95
boun_nmin: 2
boun_navg: 50.033457
boun_nmax: 200
boun_nnzmin: 2
boun_nnzavg: 76.215613
boun_nnzmax: 338
decom_cmin: 1
decom_cavg: 20.676580
decom_cmax: 76
decom_nmin: 2
decom_navg: 35.598513
decom_nmax: 162
decom_nnzmin: 2
decom_nnzavg: 49.643123
decom_nnzmax: 277
totreplwgt: 319360
minpartwgt: 104948
avgpartwgt: 126001.171875
maxpartwgt: 144272
fincut: 0
finimbal: 0.145005
