inicut: 20877
iniimbal: 0.067450
replr: 0.100000
maxreplwgt: 75688
boun_cmin: 1
boun_cavg: 18.142857
boun_cmax: 39
boun_nmin: 3
boun_navg: 43.944444
boun_nmax: 99
boun_nnzmin: 3
boun_nnzavg: 69.523810
boun_nnzmax: 163
decom_cmin: 1
decom_cavg: 9.523810
decom_cmax: 13
decom_nmin: 3
decom_navg: 11.515873
decom_nmax: 34
decom_nnzmin: 3
decom_nnzavg: 10.603175
decom_nnzmax: 42
totreplwgt: 74092
minpartwgt: 6480
avgpartwgt: 6492.000000
maxpartwgt: 6504
fincut: 6811
finimbal: 0.001848
