inicut: 77832
iniimbal: 0.046072
replr: 0.100000
maxreplwgt: 2906844
boun_cmin: 1
boun_cavg: 26.160550
boun_cmax: 86
boun_nmin: 2
boun_navg: 49.458716
boun_nmax: 177
boun_nnzmin: 2
boun_nnzavg: 75.027523
boun_nnzmax: 313
decom_cmin: 1
decom_cavg: 26.160550
decom_cmax: 86
decom_nmin: 2
decom_navg: 49.458716
decom_nmax: 177
decom_nnzmin: 2
decom_nnzavg: 75.027523
decom_nnzmax: 313
totreplwgt: 2902904
minpartwgt: 124876
avgpartwgt: 124888.093750
maxpartwgt: 124900
fincut: 0
finimbal: 0.000095
