inicut: 27834
iniimbal: 0.243402
replr: 0.100000
maxreplwgt: 120690
boun_cmin: 1
boun_cavg: 14.089744
boun_cmax: 50
boun_nmin: 2
boun_navg: 34.487179
boun_nmax: 123
boun_nnzmin: 2
boun_nnzavg: 54.070513
boun_nnzmax: 221
decom_cmin: 1
decom_cavg: 9.557692
decom_cmax: 23
decom_nmin: 2
decom_navg: 19.128205
decom_nmax: 58
decom_nnzmin: 2
decom_nnzavg: 26.076923
decom_nnzmax: 91
totreplwgt: 120676
minpartwgt: 9800
avgpartwgt: 10371.750000
maxpartwgt: 11724
fincut: 353
finimbal: 0.130378
