inicut: 77832
iniimbal: 0.046072
replr: 0.010000
maxreplwgt: 290684
boun_cmin: 1
boun_cavg: 27.010563
boun_cmax: 99
boun_nmin: 2
boun_navg: 53.433099
boun_nmax: 221
boun_nnzmin: 2
boun_nnzavg: 78.890845
boun_nnzmax: 384
decom_cmin: 1
decom_cavg: 19.725352
decom_cmax: 61
decom_nmin: 2
decom_navg: 33.091549
decom_nmax: 131
decom_nnzmin: 2
decom_nnzavg: 42.978873
decom_nnzmax: 200
totreplwgt: 290668
minpartwgt: 109992
avgpartwgt: 114684.046875
maxpartwgt: 118780
fincut: 0
finimbal: 0.035715
