inicut: 44470
iniimbal: 0.926828
replr: 0.100000
maxreplwgt: 120690
boun_cmin: 1
boun_cavg: 12.909589
boun_cmax: 47
boun_nmin: 1
boun_navg: 30.997260
boun_nmax: 106
boun_nnzmin: 1
boun_nnzavg: 47.624658
boun_nnzmax: 207
decom_cmin: 1
decom_cavg: 6.693151
decom_cmax: 20
decom_nmin: 1
decom_navg: 10.934247
decom_nmax: 53
decom_nnzmin: 1
decom_nnzavg: 12.882192
decom_nnzmax: 85
totreplwgt: 120688
minpartwgt: 0
avgpartwgt: 5185.921875
maxpartwgt: 9084
fincut: 6314
finimbal: 0.751665
