inicut: 71645
iniimbal: 0.065071
replr: 0.010000
maxreplwgt: 155426
boun_cmin: 1
boun_cavg: 26.145833
boun_cmax: 67
boun_nmin: 2
boun_navg: 53.911458
boun_nmax: 131
boun_nnzmin: 2
boun_nnzavg: 77.572917
boun_nnzmax: 213
decom_cmin: 1
decom_cavg: 17.385417
decom_cmax: 51
decom_nmin: 2
decom_navg: 26.135417
decom_nmax: 112
decom_nnzmin: 2
decom_nnzavg: 29.791667
decom_nnzmax: 145
totreplwgt: 155404
minpartwgt: 58324
avgpartwgt: 61320.359375
maxpartwgt: 64664
fincut: 27230
finimbal: 0.054527
