inicut: 71904
iniimbal: 0.055314
replr: 0.010000
maxreplwgt: 275320
boun_cmin: 1
boun_cavg: 24.049822
boun_cmax: 92
boun_nmin: 2
boun_navg: 48.074733
boun_nmax: 182
boun_nnzmin: 2
boun_nnzavg: 70.743772
boun_nnzmax: 324
decom_cmin: 1
decom_cavg: 19.259786
decom_cmax: 58
decom_nmin: 2
decom_navg: 34.661922
decom_nmax: 125
decom_nnzmin: 2
decom_nnzavg: 46.459075
decom_nnzmax: 194
totreplwgt: 275312
minpartwgt: 104376
avgpartwgt: 108622.546875
maxpartwgt: 113496
fincut: 0
finimbal: 0.044866
