inicut: 35246
iniimbal: 0.045804
replr: 0.100000
maxreplwgt: 75688
boun_cmin: 1
boun_cavg: 16.957031
boun_cmax: 36
boun_nmin: 3
boun_navg: 40.625000
boun_nmax: 87
boun_nnzmin: 3
boun_nnzavg: 64.261719
boun_nnzmax: 151
decom_cmin: 1
decom_cavg: 8.855469
decom_cmax: 9
decom_nmin: 3
decom_navg: 9.218750
decom_nmax: 21
decom_nnzmin: 2
decom_nnzavg: 6.585938
decom_nnzmax: 26
totreplwgt: 72632
minpartwgt: 3228
avgpartwgt: 3240.296875
maxpartwgt: 3252
fincut: 22601
finimbal: 0.003612
