inicut: 298092
iniimbal: 0.062517
replr: 0.100000
maxreplwgt: 9227
boun_cmin: 8
boun_cavg: 328.702128
boun_cmax: 6729
boun_nmin: 1
boun_navg: 432.319149
boun_nmax: 14685
boun_nnzmin: 8
boun_nnzavg: 2048.248227
boun_nnzmax: 29919
decom_cmin: 8
decom_cavg: 92.531915
decom_cmax: 151
decom_nmin: 1
decom_navg: 76.929078
decom_nmax: 151
decom_nnzmin: 8
decom_nnzavg: 156.709220
decom_nnzmax: 1512
totreplwgt: 9097
minpartwgt: 396
avgpartwgt: 396.000000
maxpartwgt: 396
fincut: 295631
finimbal: 0.000000
