inicut: 77832
iniimbal: 0.046072
replr: 0.100000
maxreplwgt: 2906844
boun_cmin: 1
boun_cavg: 26.490654
boun_cmax: 114
boun_nmin: 2
boun_navg: 50.383178
boun_nmax: 247
boun_nnzmin: 3
boun_nnzavg: 76.219626
boun_nnzmax: 455
decom_cmin: 1
decom_cavg: 26.490654
decom_cmax: 114
decom_nmin: 2
decom_navg: 50.383178
decom_nmax: 247
decom_nnzmin: 3
decom_nnzavg: 76.219626
decom_nnzmax: 455
totreplwgt: 2902628
minpartwgt: 124876
avgpartwgt: 124887.015625
maxpartwgt: 124900
fincut: 0
finimbal: 0.000104
