inicut: 44470
iniimbal: 0.926828
replr: 0.100000
maxreplwgt: 120690
boun_cmin: 1
boun_cavg: 13.093151
boun_cmax: 43
boun_nmin: 1
boun_navg: 31.410959
boun_nmax: 107
boun_nnzmin: 1
boun_nnzavg: 48.279452
boun_nnzmax: 180
decom_cmin: 1
decom_cavg: 6.819178
decom_cmax: 26
decom_nmin: 1
decom_navg: 11.126027
decom_nmax: 65
decom_nnzmin: 1
decom_nnzavg: 13.260274
decom_nnzmax: 111
totreplwgt: 120688
minpartwgt: 28
avgpartwgt: 5185.921875
maxpartwgt: 9084
fincut: 6590
finimbal: 0.751665
