inicut: 77832
iniimbal: 0.046072
replr: 0.010000
maxreplwgt: 290684
boun_cmin: 1
boun_cavg: 27.021201
boun_cmax: 101
boun_nmin: 2
boun_navg: 53.293286
boun_nmax: 228
boun_nnzmin: 2
boun_nnzavg: 78.742049
boun_nnzmax: 398
decom_cmin: 1
decom_cavg: 20.201413
decom_cmax: 68
decom_nmin: 2
decom_navg: 34.226148
decom_nmax: 137
decom_nnzmin: 2
decom_nnzavg: 45.399293
decom_nnzmax: 253
totreplwgt: 290668
minpartwgt: 109916
avgpartwgt: 114684.046875
maxpartwgt: 118780
fincut: 0
finimbal: 0.035715
