inicut: 20877
iniimbal: 0.067450
replr: 0.010000
maxreplwgt: 7568
boun_cmin: 2
boun_cavg: 18.202703
boun_cmax: 38
boun_nmin: 5
boun_navg: 43.081081
boun_nmax: 100
boun_nnzmin: 5
boun_nnzavg: 61.608108
boun_nnzmax: 165
decom_cmin: 2
decom_cavg: 11.567568
decom_cmax: 12
decom_nmin: 5
decom_navg: 11.972973
decom_nmax: 20
decom_nnzmin: 2
decom_nnzavg: 7.040541
decom_nnzmax: 20
totreplwgt: 7568
minpartwgt: 5636
avgpartwgt: 5972.281250
maxpartwgt: 6312
fincut: 18841
finimbal: 0.056883
