inicut: 71645
iniimbal: 0.065071
replr: 0.010000
maxreplwgt: 155426
boun_cmin: 1
boun_cavg: 25.757732
boun_cmax: 65
boun_nmin: 1
boun_navg: 53.175258
boun_nmax: 138
boun_nnzmin: 1
boun_nnzavg: 76.432990
boun_nnzmax: 216
decom_cmin: 1
decom_cavg: 16.974227
decom_cmax: 47
decom_nmin: 1
decom_navg: 25.432990
decom_nmax: 93
decom_nnzmin: 1
decom_nnzavg: 29.551546
decom_nnzmax: 143
totreplwgt: 155408
minpartwgt: 58588
avgpartwgt: 61320.375000
maxpartwgt: 64664
fincut: 26633
finimbal: 0.054527
