inicut: 72240
iniimbal: 0.105523
replr: 0.100000
maxreplwgt: 1099746
boun_cmin: 1
boun_cavg: 20.483193
boun_cmax: 86
boun_nmin: 1
boun_navg: 44.357143
boun_nmax: 187
boun_nnzmin: 1
boun_nnzavg: 67.226891
boun_nnzmax: 325
decom_cmin: 1
decom_cavg: 18.226891
decom_cmax: 59
decom_nmin: 1
decom_navg: 38.155462
decom_nmax: 135
decom_nnzmin: 1
decom_nnzavg: 55.121849
decom_nnzmax: 221
totreplwgt: 1097072
minpartwgt: 47228
avgpartwgt: 47244.296875
maxpartwgt: 47492
fincut: 196
finimbal: 0.005243
