inicut: 71904
iniimbal: 0.055314
replr: 0.010000
maxreplwgt: 275320
boun_cmin: 1
boun_cavg: 24.034602
boun_cmax: 96
boun_nmin: 2
boun_navg: 47.788927
boun_nmax: 185
boun_nnzmin: 2
boun_nnzavg: 70.633218
boun_nnzmax: 337
decom_cmin: 1
decom_cavg: 18.906574
decom_cmax: 58
decom_nmin: 2
decom_navg: 33.667820
decom_nmax: 124
decom_nnzmin: 2
decom_nnzavg: 45.121107
decom_nnzmax: 192
totreplwgt: 275296
minpartwgt: 104232
avgpartwgt: 108622.484375
maxpartwgt: 113496
fincut: 28
finimbal: 0.044867
