inicut: 72240
iniimbal: 0.105523
replr: 0.100000
maxreplwgt: 1099746
boun_cmin: 1
boun_cavg: 21.056522
boun_cmax: 86
boun_nmin: 1
boun_navg: 45.452174
boun_nmax: 187
boun_nnzmin: 1
boun_nnzavg: 68.956522
boun_nnzmax: 325
decom_cmin: 1
decom_cavg: 18.852174
decom_cmax: 59
decom_nmin: 1
decom_navg: 39.495652
decom_nmax: 135
decom_nnzmin: 1
decom_nnzavg: 57.473913
decom_nnzmax: 211
totreplwgt: 1096848
minpartwgt: 47228
avgpartwgt: 47243.421875
maxpartwgt: 47492
fincut: 223
finimbal: 0.005262
