inicut: 44470
iniimbal: 0.926828
replr: 0.100000
maxreplwgt: 120690
boun_cmin: 1
boun_cavg: 13.043597
boun_cmax: 47
boun_nmin: 1
boun_navg: 31.673025
boun_nmax: 103
boun_nnzmin: 1
boun_nnzavg: 48.580381
boun_nnzmax: 207
decom_cmin: 1
decom_cavg: 6.771117
decom_cmax: 22
decom_nmin: 1
decom_navg: 11.307902
decom_nmax: 59
decom_nnzmin: 1
decom_nnzavg: 13.468665
decom_nnzmax: 90
totreplwgt: 120680
minpartwgt: 28
avgpartwgt: 5185.890625
maxpartwgt: 9084
fincut: 6268
finimbal: 0.751676
