inicut: 35246
iniimbal: 0.045804
replr: 0.010000
maxreplwgt: 7568
boun_cmin: 1
boun_cavg: 9.133803
boun_cmax: 23
boun_nmin: 1
boun_navg: 20.943662
boun_nmax: 53
boun_nnzmin: 1
boun_nnzavg: 23.626761
boun_nnzmax: 69
decom_cmin: 1
decom_cavg: 6.598592
decom_cmax: 7
decom_nmin: 1
decom_navg: 6.760563
decom_nmax: 12
decom_nnzmin: 1
decom_nnzavg: 4.063380
decom_nnzmax: 15
totreplwgt: 7544
minpartwgt: 2876
avgpartwgt: 2986.046875
maxpartwgt: 3092
fincut: 33150
finimbal: 0.035483
