inicut: 71645
iniimbal: 0.065071
replr: 0.100000
maxreplwgt: 1554260
boun_cmin: 1
boun_cavg: 20.747788
boun_cmax: 61
boun_nmin: 2
boun_navg: 44.991150
boun_nmax: 126
boun_nnzmin: 2
boun_nnzavg: 61.424779
boun_nnzmax: 204
decom_cmin: 1
decom_cavg: 20.579646
decom_cmax: 61
decom_nmin: 2
decom_navg: 44.539823
decom_nmax: 126
decom_nnzmin: 2
decom_nnzavg: 60.752212
decom_nnzmax: 204
totreplwgt: 1551028
minpartwgt: 66760
avgpartwgt: 66772.015625
maxpartwgt: 66784
fincut: 0
finimbal: 0.000179
