inicut: 59526
iniimbal: 0.061243
replr: 0.010000
maxreplwgt: 319369
boun_cmin: 1
boun_cavg: 31.531746
boun_cmax: 104
boun_nmin: 2
boun_navg: 60.301587
boun_nmax: 185
boun_nnzmin: 2
boun_nnzavg: 92.031746
boun_nnzmax: 314
decom_cmin: 1
decom_cavg: 24.611111
decom_cmax: 75
decom_nmin: 2
decom_navg: 43.182540
decom_nmax: 145
decom_nnzmin: 2
decom_nnzavg: 60.174603
decom_nnzmax: 220
totreplwgt: 319364
minpartwgt: 244328
avgpartwgt: 252002.375000
maxpartwgt: 264788
fincut: 0
finimbal: 0.050736
