inicut: 15805
iniimbal: 0.045047
replr: 0.010000
maxreplwgt: 2528
boun_cmin: 1
boun_cavg: 6.733333
boun_cmax: 15
boun_nmin: 1
boun_navg: 16.177778
boun_nmax: 36
boun_nnzmin: 1
boun_nnzavg: 17.133333
boun_nnzmax: 50
decom_cmin: 1
decom_cavg: 6.444444
decom_cmax: 15
decom_nmin: 1
decom_navg: 13.955556
decom_nmax: 29
decom_nnzmin: 1
decom_nnzavg: 14.088889
decom_nnzmax: 29
totreplwgt: 2520
minpartwgt: 1944
avgpartwgt: 1994.718750
maxpartwgt: 2064
fincut: 14154
finimbal: 0.034732
