inicut: 45089
iniimbal: 0.070373
replr: 0.010000
maxreplwgt: 109974
boun_cmin: 1
boun_cavg: 31.783019
boun_cmax: 103
boun_nmin: 2
boun_navg: 64.037736
boun_nmax: 220
boun_nnzmin: 3
boun_nnzavg: 104.188679
boun_nnzmax: 427
decom_cmin: 1
decom_cavg: 23.235849
decom_cmax: 65
decom_nmin: 2
decom_navg: 34.094340
decom_nmax: 124
decom_nnzmin: 3
decom_nnzavg: 46.650943
decom_nnzmax: 230
totreplwgt: 109968
minpartwgt: 82568
avgpartwgt: 86776.843750
maxpartwgt: 91964
fincut: 15044
finimbal: 0.059776
