inicut: 44470
iniimbal: 0.926828
replr: 0.100000
maxreplwgt: 120690
boun_cmin: 1
boun_cavg: 12.132258
boun_cmax: 44
boun_nmin: 1
boun_navg: 28.383871
boun_nmax: 110
boun_nnzmin: 1
boun_nnzavg: 44.935484
boun_nnzmax: 181
decom_cmin: 1
decom_cavg: 8.190323
decom_cmax: 26
decom_nmin: 1
decom_navg: 11.374194
decom_nmax: 42
decom_nnzmin: 1
decom_nnzavg: 14.303226
decom_nnzmax: 83
totreplwgt: 120684
minpartwgt: 0
avgpartwgt: 5185.906250
maxpartwgt: 9084
fincut: 2133
finimbal: 0.751671
