inicut: 45089
iniimbal: 0.070373
replr: 0.010000
maxreplwgt: 109974
boun_cmin: 1
boun_cavg: 27.178295
boun_cmax: 98
boun_nmin: 2
boun_navg: 57.992248
boun_nmax: 214
boun_nnzmin: 2
boun_nnzavg: 87.596899
boun_nnzmax: 357
decom_cmin: 1
decom_cavg: 17.852713
decom_cmax: 48
decom_nmin: 2
decom_navg: 29.620155
decom_nmax: 122
decom_nnzmin: 2
decom_nnzavg: 36.620155
decom_nnzmax: 165
totreplwgt: 109960
minpartwgt: 81984
avgpartwgt: 86776.781250
maxpartwgt: 91964
fincut: 13853
finimbal: 0.059777
