inicut: 46231
iniimbal: 0.049589
replr: 0.010000
maxreplwgt: 155426
boun_cmin: 1
boun_cavg: 28.255639
boun_cmax: 80
boun_nmin: 2
boun_navg: 60.120301
boun_nmax: 183
boun_nnzmin: 2
boun_nnzavg: 85.556391
boun_nnzmax: 266
decom_cmin: 1
decom_cavg: 28.255639
decom_cmax: 80
decom_nmin: 2
decom_navg: 45.909774
decom_nmax: 119
decom_nnzmin: 2
decom_nnzavg: 61.248120
decom_nnzmax: 172
totreplwgt: 155416
minpartwgt: 116912
avgpartwgt: 122640.812500
maxpartwgt: 127448
fincut: 874
finimbal: 0.039197
