inicut: 15993
iniimbal: 9.479740
replr: 0.010000
maxreplwgt: 23124
boun_cmin: 1
boun_cavg: 175.732558
boun_cmax: 850
boun_nmin: 1
boun_navg: 93.546512
boun_nmax: 517
boun_nnzmin: 1
boun_nnzavg: 272.069767
boun_nnzmax: 1375
decom_cmin: 1
decom_cavg: 54.162791
decom_cmax: 132
decom_nmin: 1
decom_navg: 50.511628
decom_nmax: 90
decom_nnzmin: 1
decom_nnzavg: 124.290698
decom_nnzmax: 1375
totreplwgt: 23124
minpartwgt: 11
avgpartwgt: 18247.039062
maxpartwgt: 189331
fincut: 14984
finimbal: 9.375985
