inicut: 45089
iniimbal: 0.070373
replr: 0.010000
maxreplwgt: 109974
boun_cmin: 1
boun_cavg: 26.832061
boun_cmax: 91
boun_nmin: 2
boun_navg: 57.335878
boun_nmax: 204
boun_nnzmin: 3
boun_nnzavg: 86.183206
boun_nnzmax: 335
decom_cmin: 1
decom_cavg: 18.106870
decom_cmax: 48
decom_nmin: 2
decom_navg: 29.931298
decom_nmax: 122
decom_nnzmin: 3
decom_nnzavg: 36.946565
decom_nnzmax: 165
totreplwgt: 109964
minpartwgt: 81816
avgpartwgt: 86776.812500
maxpartwgt: 91964
fincut: 13368
finimbal: 0.059776
