inicut: 15993
iniimbal: 9.479740
replr: 0.010000
maxreplwgt: 23124
boun_cmin: 1
boun_cavg: 165.225806
boun_cmax: 850
boun_nmin: 1
boun_navg: 87.387097
boun_nmax: 518
boun_nnzmin: 1
boun_nnzavg: 254.602151
boun_nnzmax: 1375
decom_cmin: 1
decom_cavg: 51.376344
decom_cmax: 132
decom_nmin: 1
decom_navg: 47.849462
decom_nmax: 90
decom_nnzmin: 1
decom_nnzavg: 116.924731
decom_nnzmax: 1375
totreplwgt: 23124
minpartwgt: 11
avgpartwgt: 18247.039062
maxpartwgt: 189331
fincut: 14956
finimbal: 9.375985
