inicut: 72240
iniimbal: 0.105523
replr: 0.100000
maxreplwgt: 1099746
boun_cmin: 1
boun_cavg: 20.760684
boun_cmax: 86
boun_nmin: 1
boun_navg: 44.897436
boun_nmax: 187
boun_nnzmin: 1
boun_nnzavg: 68.170940
boun_nnzmax: 325
decom_cmin: 1
decom_cavg: 18.705128
decom_cmax: 59
decom_nmin: 1
decom_navg: 39.247863
decom_nmax: 138
decom_nnzmin: 1
decom_nnzavg: 57.188034
decom_nnzmax: 231
totreplwgt: 1097316
minpartwgt: 47228
avgpartwgt: 47245.250000
maxpartwgt: 47492
fincut: 210
finimbal: 0.005223
