inicut: 44304
iniimbal: 0.047039
replr: 0.010000
maxreplwgt: 275320
boun_cmin: 1
boun_cavg: 29.567164
boun_cmax: 109
boun_nmin: 1
boun_navg: 59.537313
boun_nmax: 198
boun_nnzmin: 1
boun_nnzavg: 85.798507
boun_nnzmax: 330
decom_cmin: 1
decom_cavg: 24.134328
decom_cmax: 59
decom_nmin: 1
decom_navg: 44.164179
decom_nmax: 128
decom_nnzmin: 1
decom_nnzavg: 58.992537
decom_nnzmax: 176
totreplwgt: 275316
minpartwgt: 207432
avgpartwgt: 217245.125000
maxpartwgt: 225212
fincut: 123
finimbal: 0.036672
