inicut: 15805
iniimbal: 0.045047
replr: 0.100000
maxreplwgt: 25280
boun_cmin: 1
boun_cavg: 11.007812
boun_cmax: 24
boun_nmin: 3
boun_navg: 28.296875
boun_nmax: 60
boun_nnzmin: 3
boun_nnzavg: 38.781250
boun_nnzmax: 98
decom_cmin: 1
decom_cavg: 6.851562
decom_cmax: 7
decom_nmin: 3
decom_navg: 7.156250
decom_nmax: 16
decom_nnzmin: 2
decom_nnzavg: 4.812500
decom_nnzmax: 19
totreplwgt: 23788
minpartwgt: 2148
avgpartwgt: 2160.875000
maxpartwgt: 2172
fincut: 10038
finimbal: 0.005148
