inicut: 50172
iniimbal: 0.052818
replr: 0.010000
maxreplwgt: 290684
boun_cmin: 2
boun_cavg: 32.008000
boun_cmax: 98
boun_nmin: 5
boun_navg: 63.272000
boun_nmax: 211
boun_nnzmin: 5
boun_nnzavg: 92.744000
boun_nnzmax: 340
decom_cmin: 2
decom_cavg: 27.808000
decom_cmax: 82
decom_nmin: 5
decom_navg: 50.128000
decom_nmax: 153
decom_nnzmin: 5
decom_nnzavg: 69.616000
decom_nnzmax: 249
totreplwgt: 290668
minpartwgt: 222764
avgpartwgt: 229368.093750
maxpartwgt: 239092
fincut: 0
finimbal: 0.042394
