inicut: 39633
iniimbal: 0.041952
replr: 0.010000
maxreplwgt: 24657
boun_cmin: 1
boun_cavg: 20.444444
boun_cmax: 61
boun_nmin: 1
boun_navg: 45.172840
boun_nmax: 135
boun_nnzmin: 1
boun_nnzavg: 69.518519
boun_nnzmax: 232
decom_cmin: 1
decom_cavg: 11.358025
decom_cmax: 12
decom_nmin: 1
decom_navg: 12.209877
decom_nmax: 30
decom_nnzmin: 1
decom_nnzavg: 8.790123
decom_nnzmax: 36
totreplwgt: 24656
minpartwgt: 18680
avgpartwgt: 19456.468750
maxpartwgt: 20072
fincut: 29487
finimbal: 0.031636
