inicut: 46231
iniimbal: 0.049589
replr: 0.010000
maxreplwgt: 155426
boun_cmin: 1
boun_cavg: 29.887218
boun_cmax: 80
boun_nmin: 3
boun_navg: 62.932331
boun_nmax: 183
boun_nnzmin: 3
boun_nnzavg: 90.000000
boun_nnzmax: 266
decom_cmin: 1
decom_cavg: 23.691729
decom_cmax: 56
decom_nmin: 3
decom_navg: 41.511278
decom_nmax: 119
decom_nnzmin: 3
decom_nnzavg: 54.413534
decom_nnzmax: 172
totreplwgt: 155416
minpartwgt: 115944
avgpartwgt: 122640.812500
maxpartwgt: 127448
fincut: 1446
finimbal: 0.039197
