inicut: 92628
iniimbal: 0.156455
replr: 0.010000
maxreplwgt: 319369
boun_cmin: 1
boun_cavg: 24.817857
boun_cmax: 101
boun_nmin: 2
boun_navg: 43.560714
boun_nmax: 179
boun_nnzmin: 2
boun_nnzavg: 72.342857
boun_nnzmax: 355
decom_cmin: 1
decom_cavg: 21.475000
decom_cmax: 83
decom_nmin: 2
decom_navg: 33.710714
decom_nmax: 133
decom_nnzmin: 2
decom_nnzavg: 52.639286
decom_nnzmax: 260
totreplwgt: 319364
minpartwgt: 104644
avgpartwgt: 126001.187500
maxpartwgt: 144272
fincut: 0
finimbal: 0.145005
