inicut: 39633
iniimbal: 0.041952
replr: 0.100000
maxreplwgt: 246577
boun_cmin: 1
boun_cavg: 15.330189
boun_cmax: 43
boun_nmin: 1
boun_navg: 36.292453
boun_nmax: 102
boun_nnzmin: 1
boun_nnzavg: 54.764151
boun_nnzmax: 169
decom_cmin: 1
decom_cavg: 15.330189
decom_cmax: 43
decom_nmin: 1
decom_navg: 31.707547
decom_nmax: 76
decom_nnzmin: 1
decom_nnzavg: 45.264151
decom_nnzmax: 117
totreplwgt: 244764
minpartwgt: 21164
avgpartwgt: 21176.062500
maxpartwgt: 21188
fincut: 29
finimbal: 0.000564
