inicut: 77832
iniimbal: 0.046072
replr: 0.010000
maxreplwgt: 290684
boun_cmin: 1
boun_cavg: 26.126280
boun_cmax: 101
boun_nmin: 2
boun_navg: 51.494881
boun_nmax: 228
boun_nnzmin: 2
boun_nnzavg: 76.201365
boun_nnzmax: 398
decom_cmin: 1
decom_cavg: 19.344710
decom_cmax: 61
decom_nmin: 2
decom_navg: 32.430034
decom_nmax: 130
decom_nnzmin: 2
decom_nnzavg: 42.467577
decom_nnzmax: 219
totreplwgt: 290680
minpartwgt: 109020
avgpartwgt: 114684.093750
maxpartwgt: 118780
fincut: 0
finimbal: 0.035715
