inicut: 15805
iniimbal: 0.045047
replr: 0.100000
maxreplwgt: 25280
boun_cmin: 1
boun_cavg: 9.664062
boun_cmax: 24
boun_nmin: 5
boun_navg: 25.101562
boun_nmax: 61
boun_nnzmin: 5
boun_nnzavg: 34.304688
boun_nnzmax: 99
decom_cmin: 1
decom_cavg: 7.242188
decom_cmax: 14
decom_nmin: 4
decom_navg: 11.593750
decom_nmax: 24
decom_nnzmin: 4
decom_nnzavg: 13.179688
decom_nnzmax: 29
totreplwgt: 24072
minpartwgt: 2148
avgpartwgt: 2163.093750
maxpartwgt: 2172
fincut: 3837
finimbal: 0.004117
