inicut: 15805
iniimbal: 0.045047
replr: 0.100000
maxreplwgt: 25280
boun_cmin: 1
boun_cavg: 10.992188
boun_cmax: 24
boun_nmin: 3
boun_navg: 28.164062
boun_nmax: 60
boun_nnzmin: 3
boun_nnzavg: 38.523438
boun_nnzmax: 98
decom_cmin: 1
decom_cavg: 6.835938
decom_cmax: 7
decom_nmin: 3
decom_navg: 7.195312
decom_nmax: 16
decom_nnzmin: 1
decom_nnzavg: 5.062500
decom_nnzmax: 19
totreplwgt: 23816
minpartwgt: 2148
avgpartwgt: 2161.093750
maxpartwgt: 2172
fincut: 10167
finimbal: 0.005047
