inicut: 50172
iniimbal: 0.052818
replr: 0.010000
maxreplwgt: 290684
boun_cmin: 2
boun_cavg: 31.682540
boun_cmax: 113
boun_nmin: 2
boun_navg: 62.492063
boun_nmax: 226
boun_nnzmin: 4
boun_nnzavg: 91.428571
boun_nnzmax: 394
decom_cmin: 2
decom_cavg: 27.484127
decom_cmax: 81
decom_nmin: 2
decom_navg: 49.436508
decom_nmax: 159
decom_nnzmin: 4
decom_nnzavg: 68.500000
decom_nnzmax: 278
totreplwgt: 290684
minpartwgt: 222644
avgpartwgt: 229368.218750
maxpartwgt: 239092
fincut: 0
finimbal: 0.042394
