inicut: 77832
iniimbal: 0.046072
replr: 0.010000
maxreplwgt: 290684
boun_cmin: 1
boun_cavg: 26.951220
boun_cmax: 101
boun_nmin: 2
boun_navg: 53.236934
boun_nmax: 228
boun_nnzmin: 2
boun_nnzavg: 78.484321
boun_nnzmax: 398
decom_cmin: 1
decom_cavg: 19.529617
decom_cmax: 61
decom_nmin: 2
decom_navg: 32.648084
decom_nmax: 131
decom_nnzmin: 2
decom_nnzavg: 42.341463
decom_nnzmax: 175
totreplwgt: 290668
minpartwgt: 109988
avgpartwgt: 114684.046875
maxpartwgt: 118780
fincut: 0
finimbal: 0.035715
