inicut: 72240
iniimbal: 0.105523
replr: 0.010000
maxreplwgt: 109974
boun_cmin: 1
boun_cavg: 23.942105
boun_cmax: 89
boun_nmin: 1
boun_navg: 49.200000
boun_nmax: 195
boun_nnzmin: 1
boun_nnzavg: 75.057895
boun_nnzmax: 333
decom_cmin: 1
decom_cavg: 14.389474
decom_cmax: 28
decom_nmin: 1
decom_navg: 19.994737
decom_nmax: 62
decom_nnzmin: 1
decom_nnzavg: 21.663158
decom_nnzmax: 98
totreplwgt: 109972
minpartwgt: 37404
avgpartwgt: 43388.437500
maxpartwgt: 47492
fincut: 41458
finimbal: 0.094577
