inicut: 92628
iniimbal: 0.156455
replr: 0.010000
maxreplwgt: 319369
boun_cmin: 1
boun_cavg: 25.403636
boun_cmax: 88
boun_nmin: 2
boun_navg: 49.018182
boun_nmax: 200
boun_nnzmin: 2
boun_nnzavg: 74.290909
boun_nnzmax: 326
decom_cmin: 1
decom_cavg: 19.938182
decom_cmax: 76
decom_nmin: 2
decom_navg: 34.320000
decom_nmax: 162
decom_nnzmin: 2
decom_nnzavg: 47.090909
decom_nnzmax: 277
totreplwgt: 319344
minpartwgt: 104948
avgpartwgt: 126001.109375
maxpartwgt: 144272
fincut: 0
finimbal: 0.145006
