inicut: 77832
iniimbal: 0.046072
replr: 0.010000
maxreplwgt: 290684
boun_cmin: 1
boun_cavg: 27.435115
boun_cmax: 97
boun_nmin: 1
boun_navg: 49.839695
boun_nmax: 220
boun_nnzmin: 2
boun_nnzavg: 80.492366
boun_nnzmax: 383
decom_cmin: 1
decom_cavg: 23.106870
decom_cmax: 68
decom_nmin: 1
decom_navg: 36.041985
decom_nmax: 124
decom_nnzmin: 2
decom_nnzavg: 53.553435
decom_nnzmax: 213
totreplwgt: 290672
minpartwgt: 107700
avgpartwgt: 114684.062500
maxpartwgt: 118780
fincut: 2888
finimbal: 0.035715
