inicut: 50172
iniimbal: 0.052818
replr: 0.010000
maxreplwgt: 290684
boun_cmin: 2
boun_cavg: 32.384000
boun_cmax: 112
boun_nmin: 5
boun_navg: 63.536000
boun_nmax: 231
boun_nnzmin: 5
boun_nnzavg: 93.624000
boun_nnzmax: 386
decom_cmin: 2
decom_cavg: 28.072000
decom_cmax: 77
decom_nmin: 5
decom_navg: 50.224000
decom_nmax: 152
decom_nnzmin: 5
decom_nnzavg: 70.336000
decom_nnzmax: 260
totreplwgt: 290660
minpartwgt: 222644
avgpartwgt: 229368.031250
maxpartwgt: 239092
fincut: 0
finimbal: 0.042395
