inicut: 50172
iniimbal: 0.052818
replr: 0.010000
maxreplwgt: 290684
boun_cmin: 1
boun_cavg: 31.257812
boun_cmax: 116
boun_nmin: 2
boun_navg: 61.640625
boun_nmax: 238
boun_nnzmin: 2
boun_nnzavg: 90.273438
boun_nnzmax: 393
decom_cmin: 1
decom_cavg: 27.023438
decom_cmax: 74
decom_nmin: 2
decom_navg: 48.617188
decom_nmax: 153
decom_nnzmin: 2
decom_nnzavg: 67.304688
decom_nnzmax: 251
totreplwgt: 290664
minpartwgt: 222764
avgpartwgt: 229368.062500
maxpartwgt: 239092
fincut: 0
finimbal: 0.042394
