inicut: 46231
iniimbal: 0.049589
replr: 0.010000
maxreplwgt: 155426
boun_cmin: 1
boun_cavg: 28.333333
boun_cmax: 67
boun_nmin: 2
boun_navg: 59.666667
boun_nmax: 156
boun_nnzmin: 2
boun_nnzavg: 85.304965
boun_nnzmax: 219
decom_cmin: 1
decom_cavg: 22.156028
decom_cmax: 56
decom_nmin: 2
decom_navg: 38.680851
decom_nmax: 119
decom_nnzmin: 2
decom_nnzavg: 50.978723
decom_nnzmax: 172
totreplwgt: 155412
minpartwgt: 115944
avgpartwgt: 122640.781250
maxpartwgt: 127448
fincut: 1406
finimbal: 0.039198
