inicut: 15805
iniimbal: 0.045047
replr: 0.010000
maxreplwgt: 2528
boun_cmin: 1
boun_cavg: 7.593220
boun_cmax: 15
boun_nmin: 1
boun_navg: 18.932203
boun_nmax: 36
boun_nnzmin: 1
boun_nnzavg: 20.305085
boun_nnzmax: 50
decom_cmin: 1
decom_cavg: 5.813559
decom_cmax: 6
decom_nmin: 1
decom_navg: 5.864407
decom_nmax: 6
decom_nnzmin: 1
decom_nnzavg: 3.372881
decom_nnzmax: 7
totreplwgt: 2528
minpartwgt: 1916
avgpartwgt: 1994.781250
maxpartwgt: 2064
fincut: 14728
finimbal: 0.034700
