inicut: 35246
iniimbal: 0.045804
replr: 0.100000
maxreplwgt: 75688
boun_cmin: 4
boun_cavg: 16.863281
boun_cmax: 34
boun_nmin: 8
boun_navg: 40.343750
boun_nmax: 81
boun_nnzmin: 13
boun_nnzavg: 63.808594
boun_nnzmax: 146
decom_cmin: 4
decom_cavg: 8.843750
decom_cmax: 9
decom_nmin: 9
decom_navg: 9.222656
decom_nmax: 21
decom_nnzmin: 2
decom_nnzavg: 6.742188
decom_nnzmax: 25
totreplwgt: 72736
minpartwgt: 3228
avgpartwgt: 3240.703125
maxpartwgt: 3252
fincut: 22775
finimbal: 0.003486
