inicut: 45089
iniimbal: 0.070373
replr: 0.010000
maxreplwgt: 109974
boun_cmin: 1
boun_cavg: 27.289062
boun_cmax: 94
boun_nmin: 2
boun_navg: 58.117188
boun_nmax: 208
boun_nnzmin: 2
boun_nnzavg: 87.515625
boun_nnzmax: 345
decom_cmin: 1
decom_cavg: 18.156250
decom_cmax: 48
decom_nmin: 2
decom_navg: 30.101562
decom_nmax: 122
decom_nnzmin: 2
decom_nnzavg: 37.328125
decom_nnzmax: 165
totreplwgt: 109972
minpartwgt: 82540
avgpartwgt: 86776.875000
maxpartwgt: 91964
fincut: 13689
finimbal: 0.059775
