inicut: 20877
iniimbal: 0.067450
replr: 0.010000
maxreplwgt: 7568
boun_cmin: 2
boun_cavg: 18.297297
boun_cmax: 37
boun_nmin: 10
boun_navg: 43.337838
boun_nmax: 100
boun_nnzmin: 10
boun_nnzavg: 61.864865
boun_nnzmax: 165
decom_cmin: 2
decom_cavg: 11.702703
decom_cmax: 12
decom_nmin: 10
decom_navg: 12.067568
decom_nmax: 20
decom_nnzmin: 2
decom_nnzavg: 7.067568
decom_nnzmax: 20
totreplwgt: 7560
minpartwgt: 5648
avgpartwgt: 5972.218750
maxpartwgt: 6312
fincut: 18735
finimbal: 0.056894
