inicut: 71904
iniimbal: 0.055314
replr: 0.100000
maxreplwgt: 2753206
boun_cmin: 1
boun_cavg: 26.463636
boun_cmax: 83
boun_nmin: 2
boun_navg: 47.581818
boun_nmax: 149
boun_nnzmin: 2
boun_nnzavg: 77.227273
boun_nnzmax: 260
decom_cmin: 1
decom_cavg: 26.463636
decom_cmax: 83
decom_nmin: 2
decom_navg: 47.581818
decom_nmax: 149
decom_nnzmin: 2
decom_nnzavg: 77.227273
decom_nnzmax: 260
totreplwgt: 2749496
minpartwgt: 118276
avgpartwgt: 118287.328125
maxpartwgt: 118300
fincut: 0
finimbal: 0.000107
