inicut: 71904
iniimbal: 0.055314
replr: 0.010000
maxreplwgt: 275320
boun_cmin: 1
boun_cavg: 23.943662
boun_cmax: 94
boun_nmin: 2
boun_navg: 47.961268
boun_nmax: 181
boun_nnzmin: 2
boun_nnzavg: 70.647887
boun_nnzmax: 329
decom_cmin: 1
decom_cavg: 19.035211
decom_cmax: 62
decom_nmin: 2
decom_navg: 34.454225
decom_nmax: 131
decom_nnzmin: 2
decom_nnzavg: 46.429577
decom_nnzmax: 209
totreplwgt: 275296
minpartwgt: 104376
avgpartwgt: 108622.484375
maxpartwgt: 113496
fincut: 75
finimbal: 0.044867
