inicut: 24003
iniimbal: 7.766116
replr: 0.010000
maxreplwgt: 23124
boun_cmin: 1
boun_cavg: 80.292683
boun_cmax: 1677
boun_nmin: 1
boun_navg: 39.479675
boun_nmax: 341
boun_nnzmin: 1
boun_nnzavg: 115.113821
boun_nnzmax: 2530
decom_cmin: 1
decom_cavg: 39.056911
decom_cmax: 1677
decom_nmin: 1
decom_navg: 22.113821
decom_nmax: 78
decom_nnzmin: 1
decom_nnzavg: 65.008130
decom_nnzmax: 2530
totreplwgt: 23124
minpartwgt: 83
avgpartwgt: 9123.519531
maxpartwgt: 79186
fincut: 23131
finimbal: 7.679326
