inicut: 44470
iniimbal: 0.926828
replr: 0.100000
maxreplwgt: 120690
boun_cmin: 1
boun_cavg: 13.041436
boun_cmax: 44
boun_nmin: 1
boun_navg: 31.345304
boun_nmax: 99
boun_nnzmin: 1
boun_nnzavg: 48.298343
boun_nnzmax: 179
decom_cmin: 1
decom_cavg: 6.740331
decom_cmax: 22
decom_nmin: 1
decom_navg: 10.986188
decom_nmax: 65
decom_nnzmin: 1
decom_nnzavg: 12.947514
decom_nnzmax: 94
totreplwgt: 120680
minpartwgt: 28
avgpartwgt: 5185.890625
maxpartwgt: 9084
fincut: 6650
finimbal: 0.751676
