inicut: 92628
iniimbal: 0.156455
replr: 0.100000
maxreplwgt: 3193694
boun_cmin: 1
boun_cavg: 22.932127
boun_cmax: 88
boun_nmin: 1
boun_navg: 46.144796
boun_nmax: 162
boun_nnzmin: 1
boun_nnzavg: 66.375566
boun_nnzmax: 287
decom_cmin: 1
decom_cavg: 22.932127
decom_cmax: 88
decom_nmin: 1
decom_navg: 46.144796
decom_nmax: 162
decom_nnzmin: 1
decom_nnzavg: 66.375566
decom_nnzmax: 287
totreplwgt: 3193688
minpartwgt: 132384
avgpartwgt: 137229.015625
maxpartwgt: 144272
fincut: 0
finimbal: 0.051323
