inicut: 39633
iniimbal: 0.041952
replr: 0.010000
maxreplwgt: 24657
boun_cmin: 1
boun_cavg: 20.948052
boun_cmax: 73
boun_nmin: 1
boun_navg: 45.688312
boun_nmax: 155
boun_nnzmin: 1
boun_nnzavg: 70.298701
boun_nnzmax: 278
decom_cmin: 1
decom_cavg: 13.428571
decom_cmax: 40
decom_nmin: 1
decom_navg: 15.012987
decom_nmax: 40
decom_nnzmin: 1
decom_nnzavg: 15.597403
decom_nnzmax: 40
totreplwgt: 24648
minpartwgt: 18408
avgpartwgt: 19456.406250
maxpartwgt: 20072
fincut: 24880
finimbal: 0.031640
