inicut: 24328
iniimbal: 0.081502
replr: 0.010000
maxreplwgt: 2528
boun_cmin: 1
boun_cavg: 5.318182
boun_cmax: 14
boun_nmin: 1
boun_navg: 11.772727
boun_nmax: 39
boun_nnzmin: 1
boun_nnzavg: 12.477273
boun_nnzmax: 51
decom_cmin: 1
decom_cavg: 5.227273
decom_cmax: 12
decom_nmin: 1
decom_navg: 11.113636
decom_nmax: 26
decom_nnzmin: 1
decom_nnzavg: 11.545455
decom_nnzmax: 27
totreplwgt: 2528
minpartwgt: 948
avgpartwgt: 997.390625
maxpartwgt: 1068
fincut: 23060
finimbal: 0.070794
