inicut: 71904
iniimbal: 0.055314
replr: 0.010000
maxreplwgt: 275320
boun_cmin: 1
boun_cavg: 23.814685
boun_cmax: 101
boun_nmin: 1
boun_navg: 47.555944
boun_nmax: 196
boun_nnzmin: 1
boun_nnzavg: 70.062937
boun_nnzmax: 354
decom_cmin: 1
decom_cavg: 18.909091
decom_cmax: 58
decom_nmin: 1
decom_navg: 33.954545
decom_nmax: 107
decom_nnzmin: 1
decom_nnzavg: 45.562937
decom_nnzmax: 154
totreplwgt: 275316
minpartwgt: 104232
avgpartwgt: 108622.562500
maxpartwgt: 113496
fincut: 0
finimbal: 0.044866
