inicut: 35246
iniimbal: 0.045804
replr: 0.100000
maxreplwgt: 75688
boun_cmin: 4
boun_cavg: 17.070312
boun_cmax: 35
boun_nmin: 10
boun_navg: 40.765625
boun_nmax: 87
boun_nnzmin: 13
boun_nnzavg: 64.558594
boun_nnzmax: 147
decom_cmin: 4
decom_cavg: 8.863281
decom_cmax: 9
decom_nmin: 9
decom_navg: 9.234375
decom_nmax: 21
decom_nnzmin: 2
decom_nnzavg: 6.570312
decom_nnzmax: 25
totreplwgt: 72992
minpartwgt: 3228
avgpartwgt: 3241.703125
maxpartwgt: 3252
fincut: 22798
finimbal: 0.003176
