inicut: 72240
iniimbal: 0.105523
replr: 0.010000
maxreplwgt: 109974
boun_cmin: 1
boun_cavg: 23.781250
boun_cmax: 89
boun_nmin: 1
boun_navg: 49.078125
boun_nmax: 195
boun_nnzmin: 1
boun_nnzavg: 74.630208
boun_nnzmax: 333
decom_cmin: 1
decom_cavg: 14.369792
decom_cmax: 29
decom_nmin: 1
decom_navg: 20.125000
decom_nmax: 68
decom_nnzmin: 1
decom_nnzavg: 21.812500
decom_nnzmax: 98
totreplwgt: 109972
minpartwgt: 37404
avgpartwgt: 43388.437500
maxpartwgt: 47492
fincut: 40769
finimbal: 0.094577
