inicut: 50172
iniimbal: 0.052818
replr: 0.100000
maxreplwgt: 2906844
boun_cmin: 2
boun_cavg: 35.056604
boun_cmax: 113
boun_nmin: 3
boun_navg: 65.462264
boun_nmax: 219
boun_nnzmin: 5
boun_nnzavg: 99.613208
boun_nnzmax: 391
decom_cmin: 2
decom_cavg: 35.056604
decom_cmax: 113
decom_nmin: 3
decom_navg: 65.462264
decom_nmax: 219
decom_nnzmin: 5
decom_nnzavg: 99.613208
decom_nnzmax: 391
totreplwgt: 2904776
minpartwgt: 249780
avgpartwgt: 249790.812500
maxpartwgt: 249804
fincut: 0
finimbal: 0.000053
