inicut: 59526
iniimbal: 0.061243
replr: 0.010000
maxreplwgt: 319369
boun_cmin: 1
boun_cavg: 31.488000
boun_cmax: 95
boun_nmin: 1
boun_navg: 60.392000
boun_nmax: 177
boun_nnzmin: 1
boun_nnzavg: 91.888000
boun_nnzmax: 312
decom_cmin: 1
decom_cavg: 25.264000
decom_cmax: 95
decom_nmin: 1
decom_navg: 44.656000
decom_nmax: 175
decom_nnzmin: 1
decom_nnzavg: 62.528000
decom_nnzmax: 284
totreplwgt: 319352
minpartwgt: 244328
avgpartwgt: 252002.281250
maxpartwgt: 264788
fincut: 0
finimbal: 0.050737
