inicut: 66437
iniimbal: 0.385393
replr: 0.100000
maxreplwgt: 246577
boun_cmin: 1
boun_cavg: 12.815686
boun_cmax: 50
boun_nmin: 1
boun_navg: 27.992157
boun_nmax: 125
boun_nnzmin: 1
boun_nnzavg: 45.105882
boun_nnzmax: 210
decom_cmin: 1
decom_cavg: 9.745098
decom_cmax: 28
decom_nmin: 1
decom_navg: 16.811765
decom_nmax: 52
decom_nnzmin: 1
decom_nnzavg: 23.501961
decom_nnzmax: 85
totreplwgt: 246552
minpartwgt: 10344
avgpartwgt: 10595.015625
maxpartwgt: 13344
fincut: 0
finimbal: 0.259460
