inicut: 50172
iniimbal: 0.052818
replr: 0.010000
maxreplwgt: 290684
boun_cmin: 2
boun_cavg: 32.103175
boun_cmax: 124
boun_nmin: 5
boun_navg: 63.238095
boun_nmax: 247
boun_nnzmin: 5
boun_nnzavg: 92.738095
boun_nnzmax: 425
decom_cmin: 2
decom_cavg: 27.666667
decom_cmax: 90
decom_nmin: 5
decom_navg: 49.722222
decom_nmax: 173
decom_nnzmin: 5
decom_nnzavg: 69.055556
decom_nnzmax: 307
totreplwgt: 290676
minpartwgt: 222764
avgpartwgt: 229368.156250
maxpartwgt: 239092
fincut: 0
finimbal: 0.042394
