inicut: 71645
iniimbal: 0.065071
replr: 0.100000
maxreplwgt: 1554260
boun_cmin: 1
boun_cavg: 20.721239
boun_cmax: 58
boun_nmin: 2
boun_navg: 44.955752
boun_nmax: 122
boun_nnzmin: 2
boun_nnzavg: 61.309735
boun_nnzmax: 190
decom_cmin: 1
decom_cavg: 20.553097
decom_cmax: 57
decom_nmin: 2
decom_navg: 44.504425
decom_nmax: 120
decom_nnzmin: 2
decom_nnzavg: 60.632743
decom_nnzmax: 190
totreplwgt: 1551016
minpartwgt: 66760
avgpartwgt: 66771.968750
maxpartwgt: 66784
fincut: 0
finimbal: 0.000180
