inicut: 44470
iniimbal: 0.926828
replr: 0.010000
maxreplwgt: 12069
boun_cmin: 1
boun_cavg: 12.155039
boun_cmax: 31
boun_nmin: 1
boun_navg: 28.000000
boun_nmax: 87
boun_nnzmin: 1
boun_nnzavg: 36.976744
boun_nnzmax: 111
decom_cmin: 1
decom_cavg: 8.465116
decom_cmax: 14
decom_nmin: 1
decom_navg: 9.488372
decom_nmax: 41
decom_nnzmin: 1
decom_nnzavg: 6.542636
decom_nnzmax: 49
totreplwgt: 12048
minpartwgt: 0
avgpartwgt: 4761.546875
maxpartwgt: 9084
fincut: 40659
finimbal: 0.907783
