inicut: 20877
iniimbal: 0.067450
replr: 0.010000
maxreplwgt: 7568
boun_cmin: 1
boun_cavg: 18.216216
boun_cmax: 38
boun_nmin: 3
boun_navg: 43.067568
boun_nmax: 100
boun_nnzmin: 3
boun_nnzavg: 61.689189
boun_nnzmax: 165
decom_cmin: 1
decom_cavg: 11.554054
decom_cmax: 12
decom_nmin: 3
decom_navg: 11.945946
decom_nmax: 20
decom_nnzmin: 2
decom_nnzavg: 6.972973
decom_nnzmax: 20
totreplwgt: 7564
minpartwgt: 5660
avgpartwgt: 5972.250000
maxpartwgt: 6312
fincut: 18860
finimbal: 0.056888
