inicut: 72240
iniimbal: 0.105523
replr: 0.010000
maxreplwgt: 109974
boun_cmin: 1
boun_cavg: 23.795812
boun_cmax: 89
boun_nmin: 2
boun_navg: 49.089005
boun_nmax: 195
boun_nnzmin: 2
boun_nnzavg: 74.774869
boun_nnzmax: 333
decom_cmin: 1
decom_cavg: 14.424084
decom_cmax: 31
decom_nmin: 2
decom_navg: 20.293194
decom_nmax: 72
decom_nnzmin: 2
decom_nnzavg: 22.125654
decom_nnzmax: 98
totreplwgt: 109972
minpartwgt: 37404
avgpartwgt: 43388.437500
maxpartwgt: 47492
fincut: 41215
finimbal: 0.094577
