inicut: 71645
iniimbal: 0.065071
replr: 0.010000
maxreplwgt: 155426
boun_cmin: 1
boun_cavg: 26.386243
boun_cmax: 67
boun_nmin: 2
boun_navg: 54.058201
boun_nmax: 135
boun_nnzmin: 2
boun_nnzavg: 78.222222
boun_nnzmax: 213
decom_cmin: 1
decom_cavg: 17.037037
decom_cmax: 49
decom_nmin: 2
decom_navg: 25.201058
decom_nmax: 95
decom_nnzmin: 2
decom_nnzavg: 29.476190
decom_nnzmax: 149
totreplwgt: 155416
minpartwgt: 58616
avgpartwgt: 61320.406250
maxpartwgt: 64664
fincut: 27069
finimbal: 0.054527
