inicut: 71645
iniimbal: 0.065071
replr: 0.010000
maxreplwgt: 155426
boun_cmin: 2
boun_cavg: 26.463158
boun_cmax: 64
boun_nmin: 2
boun_navg: 54.336842
boun_nmax: 134
boun_nnzmin: 4
boun_nnzavg: 78.326316
boun_nnzmax: 212
decom_cmin: 2
decom_cavg: 17.573684
decom_cmax: 53
decom_nmin: 2
decom_navg: 26.610526
decom_nmax: 103
decom_nnzmin: 4
decom_nnzavg: 31.010526
decom_nnzmax: 162
totreplwgt: 155420
minpartwgt: 58356
avgpartwgt: 61320.421875
maxpartwgt: 64664
fincut: 26919
finimbal: 0.054526
