inicut: 66437
iniimbal: 0.385393
replr: 0.010000
maxreplwgt: 24657
boun_cmin: 2
boun_cavg: 20.949367
boun_cmax: 54
boun_nmin: 4
boun_navg: 45.873418
boun_nmax: 125
boun_nnzmin: 4
boun_nnzavg: 73.518987
boun_nnzmax: 240
decom_cmin: 2
decom_cavg: 11.424051
decom_cmax: 12
decom_nmin: 4
decom_navg: 12.126582
decom_nmax: 30
decom_nnzmin: 2
decom_nnzavg: 8.107595
decom_nnzmax: 36
totreplwgt: 24648
minpartwgt: 5476
avgpartwgt: 9728.203125
maxpartwgt: 13344
fincut: 55929
finimbal: 0.371682
