inicut: 39633
iniimbal: 0.041952
replr: 0.010000
maxreplwgt: 24657
boun_cmin: 1
boun_cavg: 19.952941
boun_cmax: 73
boun_nmin: 1
boun_navg: 43.941176
boun_nmax: 155
boun_nnzmin: 1
boun_nnzavg: 67.282353
boun_nnzmax: 278
decom_cmin: 1
decom_cavg: 11.329412
decom_cmax: 12
decom_nmin: 1
decom_navg: 12.058824
decom_nmax: 30
decom_nnzmin: 1
decom_nnzavg: 8.458824
decom_nnzmax: 36
totreplwgt: 24656
minpartwgt: 18680
avgpartwgt: 19456.468750
maxpartwgt: 20072
fincut: 29133
finimbal: 0.031636
