inicut: 45089
iniimbal: 0.070373
replr: 0.010000
maxreplwgt: 109974
boun_cmin: 1
boun_cavg: 28.958678
boun_cmax: 95
boun_nmin: 2
boun_navg: 61.495868
boun_nmax: 203
boun_nnzmin: 2
boun_nnzavg: 92.966942
boun_nnzmax: 347
decom_cmin: 1
decom_cavg: 19.016529
decom_cmax: 48
decom_nmin: 2
decom_navg: 31.173554
decom_nmax: 122
decom_nnzmin: 2
decom_nnzavg: 38.710744
decom_nnzmax: 165
totreplwgt: 109952
minpartwgt: 81984
avgpartwgt: 86776.718750
maxpartwgt: 91964
fincut: 13887
finimbal: 0.059777
