inicut: 39633
iniimbal: 0.041952
replr: 0.100000
maxreplwgt: 246577
boun_cmin: 1
boun_cavg: 15.722222
boun_cmax: 45
boun_nmin: 1
boun_navg: 36.805556
boun_nmax: 102
boun_nnzmin: 1
boun_nnzavg: 56.231481
boun_nnzmax: 169
decom_cmin: 1
decom_cavg: 13.250000
decom_cmax: 32
decom_nmin: 1
decom_navg: 29.361111
decom_nmax: 76
decom_nnzmin: 1
decom_nnzavg: 42.398148
decom_nnzmax: 117
totreplwgt: 244736
minpartwgt: 21164
avgpartwgt: 21175.843750
maxpartwgt: 21188
fincut: 497
finimbal: 0.000574
