inicut: 77832
iniimbal: 0.046072
replr: 0.010000
maxreplwgt: 290684
boun_cmin: 1
boun_cavg: 26.420139
boun_cmax: 99
boun_nmin: 2
boun_navg: 52.197917
boun_nmax: 221
boun_nnzmin: 2
boun_nnzavg: 76.784722
boun_nnzmax: 384
decom_cmin: 1
decom_cavg: 19.697917
decom_cmax: 62
decom_nmin: 2
decom_navg: 33.218750
decom_nmax: 137
decom_nnzmin: 2
decom_nnzavg: 43.493056
decom_nnzmax: 253
totreplwgt: 290664
minpartwgt: 109992
avgpartwgt: 114684.031250
maxpartwgt: 118780
fincut: 0
finimbal: 0.035715
