inicut: 39633
iniimbal: 0.041952
replr: 0.010000
maxreplwgt: 24657
boun_cmin: 1
boun_cavg: 18.869565
boun_cmax: 47
boun_nmin: 1
boun_navg: 42.753623
boun_nmax: 110
boun_nnzmin: 1
boun_nnzavg: 63.826087
boun_nnzmax: 185
decom_cmin: 1
decom_cavg: 18.869565
decom_cmax: 47
decom_nmin: 1
decom_navg: 20.739130
decom_nmax: 47
decom_nnzmin: 1
decom_nnzavg: 24.173913
decom_nnzmax: 50
totreplwgt: 24648
minpartwgt: 18680
avgpartwgt: 19456.406250
maxpartwgt: 20072
fincut: 25194
finimbal: 0.031640
