inicut: 39633
iniimbal: 0.041952
replr: 0.100000
maxreplwgt: 246577
boun_cmin: 1
boun_cavg: 15.896226
boun_cmax: 56
boun_nmin: 1
boun_navg: 37.367925
boun_nmax: 117
boun_nnzmin: 1
boun_nnzavg: 57.009434
boun_nnzmax: 222
decom_cmin: 1
decom_cavg: 13.396226
decom_cmax: 32
decom_nmin: 1
decom_navg: 30.103774
decom_nmax: 76
decom_nnzmin: 1
decom_nnzavg: 43.386792
decom_nnzmax: 117
totreplwgt: 244752
minpartwgt: 21164
avgpartwgt: 21175.968750
maxpartwgt: 21188
fincut: 546
finimbal: 0.000568
