inicut: 44470
iniimbal: 0.926828
replr: 0.100000
maxreplwgt: 120690
boun_cmin: 1
boun_cavg: 12.305994
boun_cmax: 43
boun_nmin: 1
boun_navg: 29.066246
boun_nmax: 92
boun_nnzmin: 1
boun_nnzavg: 45.971609
boun_nnzmax: 180
decom_cmin: 1
decom_cavg: 8.362776
decom_cmax: 22
decom_nmin: 1
decom_navg: 11.375394
decom_nmax: 43
decom_nnzmin: 1
decom_nnzavg: 14.539432
decom_nnzmax: 90
totreplwgt: 120684
minpartwgt: 0
avgpartwgt: 5185.906250
maxpartwgt: 9084
fincut: 1701
finimbal: 0.751671
