inicut: 77832
iniimbal: 0.046072
replr: 0.010000
maxreplwgt: 290684
boun_cmin: 1
boun_cavg: 26.139932
boun_cmax: 101
boun_nmin: 2
boun_navg: 51.515358
boun_nmax: 228
boun_nnzmin: 2
boun_nnzavg: 76.109215
boun_nnzmax: 398
decom_cmin: 1
decom_cavg: 19.563140
decom_cmax: 74
decom_nmin: 2
decom_navg: 32.996587
decom_nmax: 146
decom_nnzmin: 2
decom_nnzavg: 43.593857
decom_nnzmax: 245
totreplwgt: 290676
minpartwgt: 109992
avgpartwgt: 114684.078125
maxpartwgt: 118780
fincut: 0
finimbal: 0.035715
