inicut: 44470
iniimbal: 0.926828
replr: 0.100000
maxreplwgt: 120690
boun_cmin: 1
boun_cavg: 12.655738
boun_cmax: 44
boun_nmin: 1
boun_navg: 30.592896
boun_nmax: 103
boun_nnzmin: 1
boun_nnzavg: 46.734973
boun_nnzmax: 180
decom_cmin: 1
decom_cavg: 6.590164
decom_cmax: 22
decom_nmin: 1
decom_navg: 10.841530
decom_nmax: 58
decom_nnzmin: 1
decom_nnzavg: 12.598361
decom_nnzmax: 86
totreplwgt: 120684
minpartwgt: 0
avgpartwgt: 5185.906250
maxpartwgt: 9084
fincut: 6462
finimbal: 0.751671
