inicut: 77832
iniimbal: 0.046072
replr: 0.010000
maxreplwgt: 290684
boun_cmin: 1
boun_cavg: 26.296820
boun_cmax: 101
boun_nmin: 2
boun_navg: 49.826855
boun_nmax: 228
boun_nnzmin: 2
boun_nnzavg: 77.077739
boun_nnzmax: 398
decom_cmin: 1
decom_cavg: 21.621908
decom_cmax: 65
decom_nmin: 2
decom_navg: 33.968198
decom_nmax: 140
decom_nnzmin: 2
decom_nnzavg: 47.300353
decom_nnzmax: 219
totreplwgt: 290672
minpartwgt: 108624
avgpartwgt: 114684.062500
maxpartwgt: 118780
fincut: 0
finimbal: 0.035715
