inicut: 27834
iniimbal: 0.243402
replr: 0.100000
maxreplwgt: 120690
boun_cmin: 1
boun_cavg: 13.787097
boun_cmax: 50
boun_nmin: 2
boun_navg: 33.890323
boun_nmax: 124
boun_nnzmin: 2
boun_nnzavg: 52.548387
boun_nnzmax: 222
decom_cmin: 1
decom_cavg: 9.258065
decom_cmax: 26
decom_nmin: 2
decom_navg: 18.206452
decom_nmax: 66
decom_nnzmin: 2
decom_nnzavg: 23.935484
decom_nnzmax: 112
totreplwgt: 120680
minpartwgt: 9856
avgpartwgt: 10371.781250
maxpartwgt: 11724
fincut: 300
finimbal: 0.130375
