inicut: 77832
iniimbal: 0.046072
replr: 0.010000
maxreplwgt: 290684
boun_cmin: 1
boun_cavg: 27.063830
boun_cmax: 99
boun_nmin: 2
boun_navg: 53.404255
boun_nmax: 225
boun_nnzmin: 2
boun_nnzavg: 78.833333
boun_nnzmax: 392
decom_cmin: 1
decom_cavg: 20.312057
decom_cmax: 61
decom_nmin: 2
decom_navg: 34.308511
decom_nmax: 131
decom_nnzmin: 2
decom_nnzavg: 45.258865
decom_nnzmax: 227
totreplwgt: 290664
minpartwgt: 109988
avgpartwgt: 114684.031250
maxpartwgt: 118780
fincut: 0
finimbal: 0.035715
