inicut: 15993
iniimbal: 9.479740
replr: 0.010000
maxreplwgt: 23124
boun_cmin: 1
boun_cavg: 166.571429
boun_cmax: 850
boun_nmin: 1
boun_navg: 89.065934
boun_nmax: 516
boun_nnzmin: 1
boun_nnzavg: 257.758242
boun_nnzmax: 1375
decom_cmin: 1
decom_cavg: 51.846154
decom_cmax: 132
decom_nmin: 1
decom_navg: 48.241758
decom_nmax: 90
decom_nnzmin: 1
decom_nnzavg: 118.549451
decom_nnzmax: 1375
totreplwgt: 23124
minpartwgt: 11
avgpartwgt: 18247.039062
maxpartwgt: 189331
fincut: 14980
finimbal: 9.375985
