inicut: 298092
iniimbal: 0.062517
replr: 0.100000
maxreplwgt: 9227
boun_cmin: 8
boun_cavg: 330.214286
boun_cmax: 6739
boun_nmin: 1
boun_navg: 436.135714
boun_nmax: 14686
boun_nnzmin: 8
boun_nnzavg: 2065.921429
boun_nnzmax: 29903
decom_cmin: 8
decom_cavg: 92.557143
decom_cmax: 151
decom_nmin: 1
decom_navg: 75.850000
decom_nmax: 151
decom_nnzmin: 8
decom_nnzavg: 164.121429
decom_nnzmax: 1491
totreplwgt: 9097
minpartwgt: 396
avgpartwgt: 396.000000
maxpartwgt: 396
fincut: 295635
finimbal: 0.000000
