inicut: 59526
iniimbal: 0.061243
replr: 0.010000
maxreplwgt: 319369
boun_cmin: 1
boun_cavg: 31.547619
boun_cmax: 112
boun_nmin: 1
boun_navg: 60.555556
boun_nmax: 178
boun_nnzmin: 1
boun_nnzavg: 92.579365
boun_nnzmax: 367
decom_cmin: 1
decom_cavg: 25.182540
decom_cmax: 95
decom_nmin: 1
decom_navg: 44.539683
decom_nmax: 175
decom_nnzmin: 1
decom_nnzavg: 62.714286
decom_nnzmax: 284
totreplwgt: 319352
minpartwgt: 244328
avgpartwgt: 252002.281250
maxpartwgt: 264788
fincut: 20
finimbal: 0.050737
