inicut: 45089
iniimbal: 0.070373
replr: 0.010000
maxreplwgt: 109974
boun_cmin: 1
boun_cavg: 28.414634
boun_cmax: 89
boun_nmin: 2
boun_navg: 60.317073
boun_nmax: 191
boun_nnzmin: 2
boun_nnzavg: 91.105691
boun_nnzmax: 328
decom_cmin: 1
decom_cavg: 18.544715
decom_cmax: 44
decom_nmin: 2
decom_navg: 30.154472
decom_nmax: 102
decom_nnzmin: 2
decom_nnzavg: 37.260163
decom_nnzmax: 143
totreplwgt: 109964
minpartwgt: 82472
avgpartwgt: 86776.812500
maxpartwgt: 91964
fincut: 14082
finimbal: 0.059776
