inicut: 15805
iniimbal: 0.045047
replr: 0.010000
maxreplwgt: 2528
boun_cmin: 1
boun_cavg: 7.651515
boun_cmax: 15
boun_nmin: 1
boun_navg: 19.242424
boun_nmax: 36
boun_nnzmin: 1
boun_nnzavg: 20.666667
boun_nnzmax: 50
decom_cmin: 1
decom_cavg: 5.909091
decom_cmax: 6
decom_nmin: 1
decom_navg: 5.909091
decom_nmax: 6
decom_nnzmin: 1
decom_nnzavg: 3.242424
decom_nnzmax: 6
totreplwgt: 2528
minpartwgt: 1912
avgpartwgt: 1994.781250
maxpartwgt: 2064
fincut: 14823
finimbal: 0.034700
