inicut: 44470
iniimbal: 0.926828
replr: 0.100000
maxreplwgt: 120690
boun_cmin: 1
boun_cavg: 12.914127
boun_cmax: 46
boun_nmin: 1
boun_navg: 31.146814
boun_nmax: 107
boun_nnzmin: 1
boun_nnzavg: 47.711911
boun_nnzmax: 187
decom_cmin: 1
decom_cavg: 6.675900
decom_cmax: 22
decom_nmin: 1
decom_navg: 10.961219
decom_nmax: 62
decom_nnzmin: 1
decom_nnzavg: 12.839335
decom_nnzmax: 82
totreplwgt: 120688
minpartwgt: 28
avgpartwgt: 5185.921875
maxpartwgt: 9084
fincut: 6337
finimbal: 0.751665
