inicut: 66437
iniimbal: 0.385393
replr: 0.010000
maxreplwgt: 24657
boun_cmin: 2
boun_cavg: 20.943750
boun_cmax: 54
boun_nmin: 4
boun_navg: 45.743750
boun_nmax: 125
boun_nnzmin: 4
boun_nnzavg: 73.250000
boun_nnzmax: 240
decom_cmin: 2
decom_cavg: 11.425000
decom_cmax: 14
decom_nmin: 4
decom_navg: 12.456250
decom_nmax: 40
decom_nnzmin: 2
decom_nnzavg: 8.706250
decom_nnzmax: 45
totreplwgt: 24648
minpartwgt: 5504
avgpartwgt: 9728.203125
maxpartwgt: 13344
fincut: 55353
finimbal: 0.371682
