inicut: 45089
iniimbal: 0.070373
replr: 0.100000
maxreplwgt: 1099746
boun_cmin: 1
boun_cavg: 28.861111
boun_cmax: 90
boun_nmin: 1
boun_navg: 58.574074
boun_nmax: 183
boun_nnzmin: 1
boun_nnzavg: 95.907407
boun_nnzmax: 331
decom_cmin: 1
decom_cavg: 28.333333
decom_cmax: 90
decom_nmin: 1
decom_navg: 56.490741
decom_nmax: 183
decom_nnzmin: 1
decom_nnzavg: 91.833333
decom_nnzmax: 331
totreplwgt: 1098056
minpartwgt: 94484
avgpartwgt: 94496.281250
maxpartwgt: 94508
fincut: 23
finimbal: 0.000124
