inicut: 20877
iniimbal: 0.067450
replr: 0.100000
maxreplwgt: 75688
boun_cmin: 1
boun_cavg: 17.738095
boun_cmax: 35
boun_nmin: 3
boun_navg: 43.460317
boun_nmax: 84
boun_nnzmin: 3
boun_nnzavg: 68.166667
boun_nnzmax: 146
decom_cmin: 1
decom_cavg: 9.420635
decom_cmax: 12
decom_nmin: 3
decom_navg: 11.730159
decom_nmax: 30
decom_nnzmin: 3
decom_nnzavg: 11.039683
decom_nnzmax: 41
totreplwgt: 74208
minpartwgt: 6480
avgpartwgt: 6492.906250
maxpartwgt: 6504
fincut: 6512
finimbal: 0.001709
