inicut: 27834
iniimbal: 0.243402
replr: 0.100000
maxreplwgt: 120690
boun_cmin: 1
boun_cavg: 14.602649
boun_cmax: 50
boun_nmin: 2
boun_navg: 35.509934
boun_nmax: 124
boun_nnzmin: 2
boun_nnzavg: 55.966887
boun_nnzmax: 222
decom_cmin: 1
decom_cavg: 9.682119
decom_cmax: 21
decom_nmin: 2
decom_navg: 18.807947
decom_nmax: 58
decom_nnzmin: 2
decom_nnzavg: 25.602649
decom_nnzmax: 88
totreplwgt: 120684
minpartwgt: 9800
avgpartwgt: 10371.812500
maxpartwgt: 11724
fincut: 357
finimbal: 0.130371
