inicut: 35246
iniimbal: 0.045804
replr: 0.010000
maxreplwgt: 7568
boun_cmin: 1
boun_cavg: 9.145695
boun_cmax: 21
boun_nmin: 1
boun_navg: 21.218543
boun_nmax: 56
boun_nnzmin: 1
boun_nnzavg: 24.039735
boun_nnzmax: 70
decom_cmin: 1
decom_cavg: 6.609272
decom_cmax: 7
decom_nmin: 1
decom_navg: 6.761589
decom_nmax: 13
decom_nnzmin: 1
decom_nnzavg: 4.026490
decom_nnzmax: 13
totreplwgt: 7560
minpartwgt: 2856
avgpartwgt: 2986.109375
maxpartwgt: 3092
fincut: 33109
finimbal: 0.035461
