inicut: 66437
iniimbal: 0.385393
replr: 0.100000
maxreplwgt: 246577
boun_cmin: 1
boun_cavg: 13.035971
boun_cmax: 50
boun_nmin: 1
boun_navg: 29.553957
boun_nmax: 118
boun_nnzmin: 1
boun_nnzavg: 46.737410
boun_nnzmax: 199
decom_cmin: 1
decom_cavg: 8.410072
decom_cmax: 20
decom_nmin: 1
decom_navg: 16.100719
decom_nmax: 50
decom_nnzmin: 1
decom_nnzavg: 22.035971
decom_nnzmax: 78
totreplwgt: 246576
minpartwgt: 10252
avgpartwgt: 10595.109375
maxpartwgt: 13344
fincut: 0
finimbal: 0.259449
