inicut: 44470
iniimbal: 0.926828
replr: 0.100000
maxreplwgt: 120690
boun_cmin: 1
boun_cavg: 12.632153
boun_cmax: 42
boun_nmin: 1
boun_navg: 30.455041
boun_nmax: 107
boun_nnzmin: 1
boun_nnzavg: 46.528610
boun_nnzmax: 180
decom_cmin: 1
decom_cavg: 6.566757
decom_cmax: 21
decom_nmin: 1
decom_navg: 10.637602
decom_nmax: 49
decom_nnzmin: 1
decom_nnzavg: 12.471390
decom_nnzmax: 79
totreplwgt: 120688
minpartwgt: 28
avgpartwgt: 5185.921875
maxpartwgt: 9084
fincut: 6551
finimbal: 0.751665
