inicut: 66437
iniimbal: 0.385393
replr: 0.010000
maxreplwgt: 24657
boun_cmin: 1
boun_cavg: 18.487179
boun_cmax: 50
boun_nmin: 3
boun_navg: 41.829060
boun_nmax: 125
boun_nnzmin: 3
boun_nnzavg: 62.905983
boun_nnzmax: 210
decom_cmin: 1
decom_cavg: 12.333333
decom_cmax: 28
decom_nmin: 3
decom_navg: 14.410256
decom_nmax: 29
decom_nnzmin: 3
decom_nnzavg: 15.136752
decom_nnzmax: 29
totreplwgt: 24644
minpartwgt: 5476
avgpartwgt: 9728.187500
maxpartwgt: 13344
fincut: 49790
finimbal: 0.371684
