inicut: 298092
iniimbal: 0.062517
replr: 0.100000
maxreplwgt: 9227
boun_cmin: 8
boun_cavg: 333.151079
boun_cmax: 6739
boun_nmin: 1
boun_navg: 438.014388
boun_nmax: 14686
boun_nnzmin: 8
boun_nnzavg: 2073.381295
boun_nnzmax: 29919
decom_cmin: 8
decom_cavg: 93.971223
decom_cmax: 151
decom_nmin: 1
decom_navg: 78.035971
decom_nmax: 151
decom_nnzmin: 8
decom_nnzavg: 159.230216
decom_nnzmax: 1492
totreplwgt: 9097
minpartwgt: 396
avgpartwgt: 396.000000
maxpartwgt: 396
fincut: 295643
finimbal: 0.000000
