inicut: 35246
iniimbal: 0.045804
replr: 0.100000
maxreplwgt: 75688
boun_cmin: 2
boun_cavg: 17.023438
boun_cmax: 36
boun_nmin: 8
boun_navg: 40.781250
boun_nmax: 87
boun_nnzmin: 8
boun_nnzavg: 64.500000
boun_nnzmax: 151
decom_cmin: 2
decom_cavg: 8.859375
decom_cmax: 9
decom_nmin: 8
decom_navg: 9.238281
decom_nmax: 21
decom_nnzmin: 2
decom_nnzavg: 6.738281
decom_nnzmax: 26
totreplwgt: 72824
minpartwgt: 3228
avgpartwgt: 3241.046875
maxpartwgt: 3252
fincut: 23200
finimbal: 0.003380
