inicut: 92628
iniimbal: 0.156455
replr: 0.100000
maxreplwgt: 3193694
boun_cmin: 1
boun_cavg: 26.311321
boun_cmax: 105
boun_nmin: 1
boun_navg: 48.103774
boun_nmax: 185
boun_nnzmin: 1
boun_nnzavg: 76.179245
boun_nnzmax: 371
decom_cmin: 1
decom_cavg: 26.311321
decom_cmax: 105
decom_nmin: 1
decom_navg: 48.103774
decom_nmax: 185
decom_nnzmin: 1
decom_nnzavg: 76.179245
decom_nnzmax: 371
totreplwgt: 3193676
minpartwgt: 132744
avgpartwgt: 137228.968750
maxpartwgt: 144272
fincut: 0
finimbal: 0.051323
