inicut: 44304
iniimbal: 0.047039
replr: 0.010000
maxreplwgt: 275320
boun_cmin: 1
boun_cavg: 28.700000
boun_cmax: 109
boun_nmin: 1
boun_navg: 58.307692
boun_nmax: 178
boun_nnzmin: 1
boun_nnzavg: 82.907692
boun_nnzmax: 287
decom_cmin: 1
decom_cavg: 25.338462
decom_cmax: 67
decom_nmin: 1
decom_navg: 45.084615
decom_nmax: 125
decom_nnzmin: 1
decom_nnzavg: 60.238462
decom_nnzmax: 176
totreplwgt: 275304
minpartwgt: 207432
avgpartwgt: 217245.031250
maxpartwgt: 225212
fincut: 123
finimbal: 0.036673
