inicut: 35246
iniimbal: 0.045804
replr: 0.100000
maxreplwgt: 75688
boun_cmin: 4
boun_cavg: 16.949219
boun_cmax: 35
boun_nmin: 8
boun_navg: 40.652344
boun_nmax: 83
boun_nnzmin: 13
boun_nnzavg: 64.230469
boun_nnzmax: 147
decom_cmin: 4
decom_cavg: 8.859375
decom_cmax: 9
decom_nmin: 9
decom_navg: 9.207031
decom_nmax: 21
decom_nnzmin: 2
decom_nnzavg: 6.613281
decom_nnzmax: 25
totreplwgt: 72848
minpartwgt: 3228
avgpartwgt: 3241.140625
maxpartwgt: 3252
fincut: 22776
finimbal: 0.003350
