inicut: 44470
iniimbal: 0.926828
replr: 0.100000
maxreplwgt: 120690
boun_cmin: 1
boun_cavg: 12.857143
boun_cmax: 46
boun_nmin: 1
boun_navg: 30.966387
boun_nmax: 103
boun_nnzmin: 1
boun_nnzavg: 47.319328
boun_nnzmax: 187
decom_cmin: 1
decom_cavg: 6.694678
decom_cmax: 24
decom_nmin: 1
decom_navg: 10.887955
decom_nmax: 62
decom_nnzmin: 1
decom_nnzavg: 12.700280
decom_nnzmax: 97
totreplwgt: 120668
minpartwgt: 0
avgpartwgt: 5185.843750
maxpartwgt: 9084
fincut: 6480
finimbal: 0.751692
