inicut: 44470
iniimbal: 0.926828
replr: 0.010000
maxreplwgt: 12069
boun_cmin: 1
boun_cavg: 12.198413
boun_cmax: 31
boun_nmin: 1
boun_navg: 28.071429
boun_nmax: 87
boun_nnzmin: 1
boun_nnzavg: 37.269841
boun_nnzmax: 107
decom_cmin: 1
decom_cavg: 8.515873
decom_cmax: 14
decom_nmin: 1
decom_navg: 9.460317
decom_nmax: 41
decom_nnzmin: 1
decom_nnzavg: 6.317460
decom_nnzmax: 49
totreplwgt: 12056
minpartwgt: 0
avgpartwgt: 4761.578125
maxpartwgt: 9084
fincut: 40682
finimbal: 0.907771
