inicut: 44470
iniimbal: 0.926828
replr: 0.100000
maxreplwgt: 120690
boun_cmin: 1
boun_cavg: 11.015291
boun_cmax: 39
boun_nmin: 1
boun_navg: 27.061162
boun_nmax: 100
boun_nnzmin: 1
boun_nnzavg: 40.688073
boun_nnzmax: 168
decom_cmin: 1
decom_cavg: 7.990826
decom_cmax: 23
decom_nmin: 1
decom_navg: 11.874618
decom_nmax: 54
decom_nnzmin: 1
decom_nnzavg: 14.987768
decom_nnzmax: 95
totreplwgt: 120680
minpartwgt: 56
avgpartwgt: 5185.890625
maxpartwgt: 9084
fincut: 120
finimbal: 0.751676
