inicut: 27834
iniimbal: 0.243402
replr: 0.100000
maxreplwgt: 120690
boun_cmin: 1
boun_cavg: 12.854015
boun_cmax: 44
boun_nmin: 2
boun_navg: 32.211679
boun_nmax: 106
boun_nnzmin: 2
boun_nnzavg: 48.408759
boun_nnzmax: 196
decom_cmin: 1
decom_cavg: 10.131387
decom_cmax: 22
decom_nmin: 2
decom_navg: 19.102190
decom_nmax: 58
decom_nnzmin: 2
decom_nnzavg: 25.350365
decom_nnzmax: 88
totreplwgt: 120668
minpartwgt: 10008
avgpartwgt: 10371.687500
maxpartwgt: 11724
fincut: 237
finimbal: 0.130385
