inicut: 72240
iniimbal: 0.105523
replr: 0.100000
maxreplwgt: 1099746
boun_cmin: 1
boun_cavg: 23.111607
boun_cmax: 112
boun_nmin: 3
boun_navg: 46.058036
boun_nmax: 244
boun_nnzmin: 3
boun_nnzavg: 76.075893
boun_nnzmax: 463
decom_cmin: 1
decom_cavg: 21.843750
decom_cmax: 70
decom_nmin: 3
decom_navg: 42.098214
decom_nmax: 129
decom_nnzmin: 3
decom_nnzavg: 67.709821
decom_nnzmax: 220
totreplwgt: 1097540
minpartwgt: 47228
avgpartwgt: 47246.125000
maxpartwgt: 47492
fincut: 168
finimbal: 0.005204
