inicut: 50172
iniimbal: 0.052818
replr: 0.010000
maxreplwgt: 290684
boun_cmin: 2
boun_cavg: 31.629921
boun_cmax: 112
boun_nmin: 5
boun_navg: 62.307087
boun_nmax: 221
boun_nnzmin: 5
boun_nnzavg: 91.244094
boun_nnzmax: 376
decom_cmin: 2
decom_cavg: 27.362205
decom_cmax: 74
decom_nmin: 5
decom_navg: 49.244094
decom_nmax: 153
decom_nnzmin: 5
decom_nnzavg: 68.220472
decom_nnzmax: 247
totreplwgt: 290676
minpartwgt: 222764
avgpartwgt: 229368.156250
maxpartwgt: 239092
fincut: 0
finimbal: 0.042394
