inicut: 45089
iniimbal: 0.070373
replr: 0.010000
maxreplwgt: 109974
boun_cmin: 1
boun_cavg: 27.362205
boun_cmax: 91
boun_nmin: 2
boun_navg: 58.141732
boun_nmax: 204
boun_nnzmin: 3
boun_nnzavg: 87.748031
boun_nnzmax: 335
decom_cmin: 1
decom_cavg: 18.354331
decom_cmax: 48
decom_nmin: 2
decom_navg: 30.307087
decom_nmax: 122
decom_nnzmin: 3
decom_nnzavg: 37.622047
decom_nnzmax: 165
totreplwgt: 109968
minpartwgt: 81908
avgpartwgt: 86776.843750
maxpartwgt: 91964
fincut: 13451
finimbal: 0.059776
