inicut: 72240
iniimbal: 0.105523
replr: 0.010000
maxreplwgt: 109974
boun_cmin: 1
boun_cavg: 25.825581
boun_cmax: 85
boun_nmin: 2
boun_navg: 51.947674
boun_nmax: 187
boun_nnzmin: 2
boun_nnzavg: 81.976744
boun_nnzmax: 322
decom_cmin: 1
decom_cavg: 18.215116
decom_cmax: 48
decom_nmin: 2
decom_navg: 24.308140
decom_nmax: 74
decom_nnzmin: 2
decom_nnzavg: 30.610465
decom_nnzmax: 121
totreplwgt: 109972
minpartwgt: 37552
avgpartwgt: 43388.437500
maxpartwgt: 47492
fincut: 38134
finimbal: 0.094577
