inicut: 72240
iniimbal: 0.105523
replr: 0.010000
maxreplwgt: 109974
boun_cmin: 1
boun_cavg: 23.884817
boun_cmax: 89
boun_nmin: 2
boun_navg: 49.120419
boun_nmax: 195
boun_nnzmin: 2
boun_nnzavg: 74.968586
boun_nnzmax: 333
decom_cmin: 1
decom_cavg: 14.361257
decom_cmax: 32
decom_nmin: 2
decom_navg: 19.780105
decom_nmax: 72
decom_nnzmin: 2
decom_nnzavg: 20.937173
decom_nnzmax: 98
totreplwgt: 109964
minpartwgt: 37404
avgpartwgt: 43388.406250
maxpartwgt: 47492
fincut: 41068
finimbal: 0.094578
