inicut: 27834
iniimbal: 0.243402
replr: 0.100000
maxreplwgt: 120690
boun_cmin: 1
boun_cavg: 14.339869
boun_cmax: 50
boun_nmin: 2
boun_navg: 35.392157
boun_nmax: 124
boun_nnzmin: 2
boun_nnzavg: 55.156863
boun_nnzmax: 222
decom_cmin: 1
decom_cavg: 9.601307
decom_cmax: 28
decom_nmin: 2
decom_navg: 19.156863
decom_nmax: 66
decom_nnzmin: 2
decom_nnzavg: 25.522876
decom_nnzmax: 111
totreplwgt: 120684
minpartwgt: 9872
avgpartwgt: 10371.812500
maxpartwgt: 11724
fincut: 319
finimbal: 0.130371
