inicut: 44470
iniimbal: 0.926828
replr: 0.010000
maxreplwgt: 12069
boun_cmin: 4
boun_cavg: 13.377551
boun_cmax: 31
boun_nmin: 8
boun_navg: 30.775510
boun_nmax: 87
boun_nnzmin: 11
boun_nnzavg: 41.816327
boun_nnzmax: 107
decom_cmin: 4
decom_cavg: 10.071429
decom_cmax: 25
decom_nmin: 4
decom_navg: 13.255102
decom_nmax: 26
decom_nnzmin: 4
decom_nnzavg: 13.795918
decom_nnzmax: 29
totreplwgt: 12060
minpartwgt: 0
avgpartwgt: 4761.593750
maxpartwgt: 9084
fincut: 38578
finimbal: 0.907765
