inicut: 71904
iniimbal: 0.055314
replr: 0.010000
maxreplwgt: 275320
boun_cmin: 1
boun_cavg: 24.007092
boun_cmax: 92
boun_nmin: 2
boun_navg: 48.014184
boun_nmax: 177
boun_nnzmin: 2
boun_nnzavg: 70.638298
boun_nnzmax: 323
decom_cmin: 1
decom_cavg: 19.187943
decom_cmax: 58
decom_nmin: 2
decom_navg: 34.457447
decom_nmax: 119
decom_nnzmin: 2
decom_nnzavg: 46.177305
decom_nnzmax: 185
totreplwgt: 275312
minpartwgt: 104376
avgpartwgt: 108622.546875
maxpartwgt: 113496
fincut: 28
finimbal: 0.044866
