inicut: 50172
iniimbal: 0.052818
replr: 0.010000
maxreplwgt: 290684
boun_cmin: 2
boun_cavg: 33.090164
boun_cmax: 100
boun_nmin: 2
boun_navg: 62.549180
boun_nmax: 182
boun_nnzmin: 4
boun_nnzavg: 95.368852
boun_nnzmax: 304
decom_cmin: 2
decom_cavg: 29.795082
decom_cmax: 68
decom_nmin: 2
decom_navg: 50.721311
decom_nmax: 118
decom_nnzmin: 4
decom_nnzavg: 73.573770
decom_nnzmax: 197
totreplwgt: 290668
minpartwgt: 222436
avgpartwgt: 229368.093750
maxpartwgt: 239092
fincut: 0
finimbal: 0.042394
