inicut: 77832
iniimbal: 0.046072
replr: 0.010000
maxreplwgt: 290684
boun_cmin: 1
boun_cavg: 26.776224
boun_cmax: 101
boun_nmin: 1
boun_navg: 52.776224
boun_nmax: 228
boun_nnzmin: 1
boun_nnzavg: 78.027972
boun_nnzmax: 398
decom_cmin: 1
decom_cavg: 20.118881
decom_cmax: 61
decom_nmin: 1
decom_navg: 34.010490
decom_nmax: 133
decom_nnzmin: 1
decom_nnzavg: 44.937063
decom_nnzmax: 245
totreplwgt: 290672
minpartwgt: 109220
avgpartwgt: 114684.062500
maxpartwgt: 118780
fincut: 0
finimbal: 0.035715
