inicut: 71645
iniimbal: 0.065071
replr: 0.010000
maxreplwgt: 155426
boun_cmin: 1
boun_cavg: 27.177143
boun_cmax: 70
boun_nmin: 2
boun_navg: 53.840000
boun_nmax: 130
boun_nnzmin: 2
boun_nnzavg: 80.754286
boun_nnzmax: 215
decom_cmin: 1
decom_cavg: 20.320000
decom_cmax: 50
decom_nmin: 2
decom_navg: 28.022857
decom_nmax: 88
decom_nnzmin: 2
decom_nnzavg: 34.845714
decom_nnzmax: 144
totreplwgt: 155404
minpartwgt: 58396
avgpartwgt: 61320.359375
maxpartwgt: 64664
fincut: 24715
finimbal: 0.054527
