inicut: 15805
iniimbal: 0.045047
replr: 0.010000
maxreplwgt: 2528
boun_cmin: 1
boun_cavg: 7.534483
boun_cmax: 15
boun_nmin: 1
boun_navg: 19.034483
boun_nmax: 37
boun_nnzmin: 1
boun_nnzavg: 20.431034
boun_nnzmax: 50
decom_cmin: 1
decom_cavg: 5.810345
decom_cmax: 6
decom_nmin: 1
decom_navg: 5.862069
decom_nmax: 6
decom_nnzmin: 1
decom_nnzavg: 3.344828
decom_nnzmax: 6
totreplwgt: 2520
minpartwgt: 1884
avgpartwgt: 1994.718750
maxpartwgt: 2064
fincut: 14729
finimbal: 0.034732
