inicut: 35246
iniimbal: 0.045804
replr: 0.100000
maxreplwgt: 75688
boun_cmin: 4
boun_cavg: 16.843750
boun_cmax: 34
boun_nmin: 7
boun_navg: 40.480469
boun_nmax: 87
boun_nnzmin: 13
boun_nnzavg: 63.906250
boun_nnzmax: 147
decom_cmin: 4
decom_cavg: 8.855469
decom_cmax: 9
decom_nmin: 7
decom_navg: 9.199219
decom_nmax: 21
decom_nnzmin: 2
decom_nnzavg: 6.578125
decom_nnzmax: 25
totreplwgt: 72816
minpartwgt: 3228
avgpartwgt: 3241.015625
maxpartwgt: 3252
fincut: 23151
finimbal: 0.003389
