inicut: 77832
iniimbal: 0.046072
replr: 0.010000
maxreplwgt: 290684
boun_cmin: 1
boun_cavg: 26.462069
boun_cmax: 99
boun_nmin: 2
boun_navg: 52.086207
boun_nmax: 225
boun_nnzmin: 2
boun_nnzavg: 76.982759
boun_nnzmax: 392
decom_cmin: 1
decom_cavg: 19.448276
decom_cmax: 61
decom_nmin: 2
decom_navg: 32.586207
decom_nmax: 131
decom_nnzmin: 2
decom_nnzavg: 42.817241
decom_nnzmax: 231
totreplwgt: 290672
minpartwgt: 109992
avgpartwgt: 114684.062500
maxpartwgt: 118780
fincut: 0
finimbal: 0.035715
