inicut: 72240
iniimbal: 0.105523
replr: 0.010000
maxreplwgt: 109974
boun_cmin: 1
boun_cavg: 24.153439
boun_cmax: 89
boun_nmin: 2
boun_navg: 49.936508
boun_nmax: 195
boun_nnzmin: 2
boun_nnzavg: 75.703704
boun_nnzmax: 333
decom_cmin: 1
decom_cavg: 14.661376
decom_cmax: 31
decom_nmin: 2
decom_navg: 20.608466
decom_nmax: 70
decom_nnzmin: 2
decom_nnzavg: 22.624339
decom_nnzmax: 98
totreplwgt: 109952
minpartwgt: 37404
avgpartwgt: 43388.359375
maxpartwgt: 47492
fincut: 40901
finimbal: 0.094579
