inicut: 35246
iniimbal: 0.045804
replr: 0.100000
maxreplwgt: 75688
boun_cmin: 1
boun_cavg: 13.968750
boun_cmax: 29
boun_nmin: 3
boun_navg: 34.757812
boun_nmax: 77
boun_nnzmin: 3
boun_nnzavg: 52.894531
boun_nnzmax: 119
decom_cmin: 1
decom_cavg: 9.160156
decom_cmax: 18
decom_nmin: 3
decom_navg: 10.886719
decom_nmax: 26
decom_nnzmin: 3
decom_nnzavg: 11.785156
decom_nnzmax: 29
totreplwgt: 73128
minpartwgt: 3228
avgpartwgt: 3242.234375
maxpartwgt: 3252
fincut: 9951
finimbal: 0.003012
