inicut: 35246
iniimbal: 0.045804
replr: 0.010000
maxreplwgt: 7568
boun_cmin: 1
boun_cavg: 9.202797
boun_cmax: 21
boun_nmin: 1
boun_navg: 21.097902
boun_nmax: 56
boun_nnzmin: 1
boun_nnzavg: 23.797203
boun_nnzmax: 70
decom_cmin: 1
decom_cavg: 6.657343
decom_cmax: 7
decom_nmin: 1
decom_navg: 6.727273
decom_nmax: 7
decom_nnzmin: 1
decom_nnzavg: 3.979021
decom_nnzmax: 8
totreplwgt: 7556
minpartwgt: 2880
avgpartwgt: 2986.093750
maxpartwgt: 3092
fincut: 33138
finimbal: 0.035466
