inicut: 44470
iniimbal: 0.926828
replr: 0.100000
maxreplwgt: 120690
boun_cmin: 1
boun_cavg: 12.802198
boun_cmax: 46
boun_nmin: 1
boun_navg: 31.016484
boun_nmax: 103
boun_nnzmin: 1
boun_nnzavg: 47.403846
boun_nnzmax: 187
decom_cmin: 1
decom_cavg: 6.629121
decom_cmax: 23
decom_nmin: 1
decom_navg: 10.884615
decom_nmax: 60
decom_nnzmin: 1
decom_nnzavg: 12.791209
decom_nnzmax: 83
totreplwgt: 120680
minpartwgt: 28
avgpartwgt: 5185.890625
maxpartwgt: 9084
fincut: 6283
finimbal: 0.751676
