inicut: 66437
iniimbal: 0.385393
replr: 0.010000
maxreplwgt: 24657
boun_cmin: 2
boun_cavg: 21.044025
boun_cmax: 52
boun_nmin: 4
boun_navg: 45.874214
boun_nmax: 125
boun_nnzmin: 4
boun_nnzavg: 73.421384
boun_nnzmax: 228
decom_cmin: 2
decom_cavg: 11.377358
decom_cmax: 12
decom_nmin: 4
decom_navg: 12.081761
decom_nmax: 30
decom_nnzmin: 2
decom_nnzavg: 8.106918
decom_nnzmax: 36
totreplwgt: 24648
minpartwgt: 5476
avgpartwgt: 9728.203125
maxpartwgt: 13344
fincut: 56219
finimbal: 0.371682
