inicut: 44304
iniimbal: 0.047039
replr: 0.010000
maxreplwgt: 275320
boun_cmin: 1
boun_cavg: 29.259259
boun_cmax: 109
boun_nmin: 1
boun_navg: 58.570370
boun_nmax: 178
boun_nnzmin: 1
boun_nnzavg: 84.688889
boun_nnzmax: 287
decom_cmin: 1
decom_cavg: 24.007407
decom_cmax: 62
decom_nmin: 1
decom_navg: 43.837037
decom_nmax: 126
decom_nnzmin: 1
decom_nnzavg: 59.451852
decom_nnzmax: 196
totreplwgt: 275296
minpartwgt: 207432
avgpartwgt: 217244.968750
maxpartwgt: 225212
fincut: 123
finimbal: 0.036673
