inicut: 71645
iniimbal: 0.065071
replr: 0.010000
maxreplwgt: 155426
boun_cmin: 1
boun_cavg: 26.256545
boun_cmax: 69
boun_nmin: 2
boun_navg: 54.062827
boun_nmax: 131
boun_nnzmin: 2
boun_nnzavg: 77.811518
boun_nnzmax: 210
decom_cmin: 1
decom_cavg: 17.062827
decom_cmax: 47
decom_nmin: 2
decom_navg: 25.696335
decom_nmax: 94
decom_nnzmin: 2
decom_nnzavg: 29.879581
decom_nnzmax: 144
totreplwgt: 155416
minpartwgt: 58556
avgpartwgt: 61320.406250
maxpartwgt: 64664
fincut: 26932
finimbal: 0.054527
