inicut: 39633
iniimbal: 0.041952
replr: 0.010000
maxreplwgt: 24657
boun_cmin: 1
boun_cavg: 20.493976
boun_cmax: 61
boun_nmin: 1
boun_navg: 45.265060
boun_nmax: 135
boun_nnzmin: 1
boun_nnzavg: 69.072289
boun_nnzmax: 232
decom_cmin: 1
decom_cavg: 11.506024
decom_cmax: 12
decom_nmin: 1
decom_navg: 12.301205
decom_nmax: 30
decom_nnzmin: 1
decom_nnzavg: 8.746988
decom_nnzmax: 36
totreplwgt: 24640
minpartwgt: 18680
avgpartwgt: 19456.343750
maxpartwgt: 20072
fincut: 28931
finimbal: 0.031643
