inicut: 71645
iniimbal: 0.065071
replr: 0.010000
maxreplwgt: 155426
boun_cmin: 1
boun_cavg: 26.824468
boun_cmax: 69
boun_nmin: 1
boun_navg: 55.063830
boun_nmax: 134
boun_nnzmin: 1
boun_nnzavg: 79.404255
boun_nnzmax: 212
decom_cmin: 1
decom_cavg: 17.484043
decom_cmax: 52
decom_nmin: 1
decom_navg: 26.340426
decom_nmax: 102
decom_nnzmin: 1
decom_nnzavg: 30.734043
decom_nnzmax: 158
totreplwgt: 155420
minpartwgt: 58632
avgpartwgt: 61320.421875
maxpartwgt: 64664
fincut: 27034
finimbal: 0.054526
