inicut: 20877
iniimbal: 0.067450
replr: 0.100000
maxreplwgt: 75688
boun_cmin: 3
boun_cavg: 18.039683
boun_cmax: 37
boun_nmin: 4
boun_navg: 44.087302
boun_nmax: 95
boun_nnzmin: 10
boun_nnzavg: 69.119048
boun_nnzmax: 161
decom_cmin: 3
decom_cavg: 9.507937
decom_cmax: 12
decom_nmin: 4
decom_navg: 11.777778
decom_nmax: 30
decom_nnzmin: 3
decom_nnzavg: 11.079365
decom_nnzmax: 40
totreplwgt: 74208
minpartwgt: 6480
avgpartwgt: 6492.906250
maxpartwgt: 6504
fincut: 6346
finimbal: 0.001709
