inicut: 35246
iniimbal: 0.045804
replr: 0.100000
maxreplwgt: 75688
boun_cmin: 2
boun_cavg: 15.132812
boun_cmax: 36
boun_nmin: 8
boun_navg: 36.605469
boun_nmax: 84
boun_nnzmin: 8
boun_nnzavg: 57.441406
boun_nnzmax: 144
decom_cmin: 2
decom_cavg: 9.484375
decom_cmax: 19
decom_nmin: 3
decom_navg: 11.054688
decom_nmax: 25
decom_nnzmin: 3
decom_nnzavg: 11.738281
decom_nnzmax: 29
totreplwgt: 73120
minpartwgt: 3228
avgpartwgt: 3242.203125
maxpartwgt: 3252
fincut: 9919
finimbal: 0.003022
