inicut: 71645
iniimbal: 0.065071
replr: 0.010000
maxreplwgt: 155426
boun_cmin: 1
boun_cavg: 26.989305
boun_cmax: 69
boun_nmin: 2
boun_navg: 55.310160
boun_nmax: 136
boun_nnzmin: 2
boun_nnzavg: 80.021390
boun_nnzmax: 214
decom_cmin: 1
decom_cavg: 17.433155
decom_cmax: 54
decom_nmin: 2
decom_navg: 25.598930
decom_nmax: 106
decom_nnzmin: 2
decom_nnzavg: 29.604278
decom_nnzmax: 166
totreplwgt: 155416
minpartwgt: 58512
avgpartwgt: 61320.406250
maxpartwgt: 64664
fincut: 27340
finimbal: 0.054527
