inicut: 45089
iniimbal: 0.070373
replr: 0.010000
maxreplwgt: 109974
boun_cmin: 1
boun_cavg: 27.401575
boun_cmax: 93
boun_nmin: 2
boun_navg: 58.393701
boun_nmax: 204
boun_nnzmin: 2
boun_nnzavg: 87.661417
boun_nnzmax: 346
decom_cmin: 1
decom_cavg: 18.409449
decom_cmax: 48
decom_nmin: 2
decom_navg: 30.401575
decom_nmax: 122
decom_nnzmin: 2
decom_nnzavg: 37.795276
decom_nnzmax: 165
totreplwgt: 109968
minpartwgt: 81788
avgpartwgt: 86776.843750
maxpartwgt: 91964
fincut: 13794
finimbal: 0.059776
