inicut: 24328
iniimbal: 0.081502
replr: 0.100000
maxreplwgt: 25280
boun_cmin: 2
boun_cavg: 7.474104
boun_cmax: 16
boun_nmin: 4
boun_navg: 17.721116
boun_nmax: 41
boun_nnzmin: 4
boun_nnzavg: 20.796813
boun_nnzmax: 57
decom_cmin: 2
decom_cavg: 5.968127
decom_cmax: 6
decom_nmin: 4
decom_navg: 5.996016
decom_nmax: 8
decom_nnzmin: 1
decom_nnzavg: 3.219124
decom_nnzmax: 8
totreplwgt: 22004
minpartwgt: 1060
avgpartwgt: 1073.468750
maxpartwgt: 1084
fincut: 20118
finimbal: 0.009810
