inicut: 71645
iniimbal: 0.065071
replr: 0.100000
maxreplwgt: 1554260
boun_cmin: 1
boun_cavg: 20.629956
boun_cmax: 60
boun_nmin: 2
boun_navg: 44.766520
boun_nmax: 123
boun_nnzmin: 2
boun_nnzavg: 61.044053
boun_nnzmax: 201
decom_cmin: 1
decom_cavg: 20.462555
decom_cmax: 60
decom_nmin: 2
decom_navg: 44.317181
decom_nmax: 123
decom_nnzmin: 2
decom_nnzavg: 60.361233
decom_nnzmax: 201
totreplwgt: 1551032
minpartwgt: 66760
avgpartwgt: 66772.031250
maxpartwgt: 66784
fincut: 0
finimbal: 0.000179
