inicut: 35246
iniimbal: 0.045804
replr: 0.100000
maxreplwgt: 75688
boun_cmin: 1
boun_cavg: 13.949219
boun_cmax: 31
boun_nmin: 3
boun_navg: 34.738281
boun_nmax: 77
boun_nnzmin: 3
boun_nnzavg: 52.824219
boun_nnzmax: 121
decom_cmin: 1
decom_cavg: 13.949219
decom_cmax: 31
decom_nmin: 3
decom_navg: 15.652344
decom_nmax: 31
decom_nnzmin: 3
decom_nnzavg: 18.292969
decom_nnzmax: 33
totreplwgt: 73172
minpartwgt: 3228
avgpartwgt: 3242.406250
maxpartwgt: 3252
fincut: 9970
finimbal: 0.002959
