inicut: 27834
iniimbal: 0.243402
replr: 0.100000
maxreplwgt: 120690
boun_cmin: 1
boun_cavg: 14.266234
boun_cmax: 50
boun_nmin: 2
boun_navg: 34.681818
boun_nmax: 124
boun_nnzmin: 2
boun_nnzavg: 54.623377
boun_nnzmax: 222
decom_cmin: 1
decom_cavg: 9.538961
decom_cmax: 21
decom_nmin: 2
decom_navg: 18.396104
decom_nmax: 58
decom_nnzmin: 2
decom_nnzavg: 24.811688
decom_nnzmax: 88
totreplwgt: 120688
minpartwgt: 9808
avgpartwgt: 10371.843750
maxpartwgt: 11724
fincut: 317
finimbal: 0.130368
