inicut: 35246
iniimbal: 0.045804
replr: 0.100000
maxreplwgt: 75688
boun_cmin: 1
boun_cavg: 15.097656
boun_cmax: 32
boun_nmin: 1
boun_navg: 36.609375
boun_nmax: 79
boun_nnzmin: 1
boun_nnzavg: 57.429688
boun_nnzmax: 130
decom_cmin: 1
decom_cavg: 9.468750
decom_cmax: 18
decom_nmin: 1
decom_navg: 10.984375
decom_nmax: 26
decom_nnzmin: 1
decom_nnzavg: 11.656250
decom_nnzmax: 29
totreplwgt: 73228
minpartwgt: 3228
avgpartwgt: 3242.625000
maxpartwgt: 3252
fincut: 10091
finimbal: 0.002891
