inicut: 71904
iniimbal: 0.055314
replr: 0.010000
maxreplwgt: 275320
boun_cmin: 1
boun_cavg: 23.779720
boun_cmax: 97
boun_nmin: 2
boun_navg: 47.569930
boun_nmax: 190
boun_nnzmin: 2
boun_nnzavg: 69.989510
boun_nnzmax: 342
decom_cmin: 1
decom_cavg: 18.909091
decom_cmax: 63
decom_nmin: 2
decom_navg: 34.027972
decom_nmax: 140
decom_nnzmin: 2
decom_nnzavg: 45.667832
decom_nnzmax: 219
totreplwgt: 275308
minpartwgt: 104376
avgpartwgt: 108622.531250
maxpartwgt: 113496
fincut: 164
finimbal: 0.044866
