inicut: 59526
iniimbal: 0.061243
replr: 0.010000
maxreplwgt: 319369
boun_cmin: 1
boun_cavg: 32.595041
boun_cmax: 95
boun_nmin: 2
boun_navg: 62.578512
boun_nmax: 175
boun_nnzmin: 2
boun_nnzavg: 95.429752
boun_nnzmax: 305
decom_cmin: 1
decom_cavg: 26.239669
decom_cmax: 95
decom_nmin: 2
decom_navg: 46.371901
decom_nmax: 175
decom_nnzmin: 2
decom_nnzavg: 64.966942
decom_nnzmax: 284
totreplwgt: 319352
minpartwgt: 244328
avgpartwgt: 252002.281250
maxpartwgt: 264788
fincut: 20
finimbal: 0.050737
