inicut: 35246
iniimbal: 0.045804
replr: 0.010000
maxreplwgt: 7568
boun_cmin: 1
boun_cavg: 9.162162
boun_cmax: 22
boun_nmin: 1
boun_navg: 21.114865
boun_nmax: 56
boun_nnzmin: 1
boun_nnzavg: 23.898649
boun_nnzmax: 70
decom_cmin: 1
decom_cavg: 6.641892
decom_cmax: 7
decom_nmin: 1
decom_navg: 6.777027
decom_nmax: 13
decom_nnzmin: 1
decom_nnzavg: 4.101351
decom_nnzmax: 13
totreplwgt: 7556
minpartwgt: 2880
avgpartwgt: 2986.093750
maxpartwgt: 3092
fincut: 33114
finimbal: 0.035466
