inicut: 71645
iniimbal: 0.065071
replr: 0.010000
maxreplwgt: 155426
boun_cmin: 1
boun_cavg: 26.348387
boun_cmax: 70
boun_nmin: 1
boun_navg: 50.593548
boun_nmax: 131
boun_nnzmin: 2
boun_nnzavg: 78.587097
boun_nnzmax: 210
decom_cmin: 1
decom_cavg: 20.335484
decom_cmax: 47
decom_nmin: 1
decom_navg: 29.141935
decom_nmax: 76
decom_nnzmin: 2
decom_nnzavg: 39.232258
decom_nnzmax: 128
totreplwgt: 155424
minpartwgt: 59244
avgpartwgt: 61320.437500
maxpartwgt: 64664
fincut: 28133
finimbal: 0.054526
