inicut: 35246
iniimbal: 0.045804
replr: 0.100000
maxreplwgt: 75688
boun_cmin: 2
boun_cavg: 17.062500
boun_cmax: 35
boun_nmin: 8
boun_navg: 40.687500
boun_nmax: 85
boun_nnzmin: 8
boun_nnzavg: 64.570312
boun_nnzmax: 145
decom_cmin: 2
decom_cavg: 8.839844
decom_cmax: 9
decom_nmin: 8
decom_navg: 9.183594
decom_nmax: 21
decom_nnzmin: 2
decom_nnzavg: 6.566406
decom_nnzmax: 24
totreplwgt: 72936
minpartwgt: 3228
avgpartwgt: 3241.484375
maxpartwgt: 3252
fincut: 22993
finimbal: 0.003244
