inicut: 15993
iniimbal: 9.479740
replr: 0.010000
maxreplwgt: 23124
boun_cmin: 1
boun_cavg: 167.615385
boun_cmax: 850
boun_nmin: 1
boun_navg: 89.109890
boun_nmax: 515
boun_nnzmin: 1
boun_nnzavg: 258.538462
boun_nnzmax: 1375
decom_cmin: 1
decom_cavg: 52.791209
decom_cmax: 132
decom_nmin: 1
decom_navg: 48.835165
decom_nmax: 90
decom_nnzmin: 1
decom_nnzavg: 119.571429
decom_nnzmax: 1375
totreplwgt: 23124
minpartwgt: 11
avgpartwgt: 18247.039062
maxpartwgt: 189331
fincut: 14934
finimbal: 9.375985
