inicut: 35246
iniimbal: 0.045804
replr: 0.100000
maxreplwgt: 75688
boun_cmin: 4
boun_cavg: 16.945312
boun_cmax: 35
boun_nmin: 7
boun_navg: 40.437500
boun_nmax: 87
boun_nnzmin: 13
boun_nnzavg: 64.164062
boun_nnzmax: 147
decom_cmin: 4
decom_cavg: 8.835938
decom_cmax: 9
decom_nmin: 7
decom_navg: 9.191406
decom_nmax: 21
decom_nnzmin: 2
decom_nnzavg: 6.535156
decom_nnzmax: 24
totreplwgt: 72788
minpartwgt: 3228
avgpartwgt: 3240.906250
maxpartwgt: 3252
fincut: 22494
finimbal: 0.003423
