inicut: 45089
iniimbal: 0.070373
replr: 0.010000
maxreplwgt: 109974
boun_cmin: 1
boun_cavg: 27.217054
boun_cmax: 95
boun_nmin: 2
boun_navg: 57.775194
boun_nmax: 203
boun_nnzmin: 2
boun_nnzavg: 87.364341
boun_nnzmax: 347
decom_cmin: 1
decom_cavg: 18.100775
decom_cmax: 48
decom_nmin: 2
decom_navg: 29.782946
decom_nmax: 122
decom_nnzmin: 2
decom_nnzavg: 37.248062
decom_nnzmax: 165
totreplwgt: 109972
minpartwgt: 82028
avgpartwgt: 86776.875000
maxpartwgt: 91964
fincut: 14042
finimbal: 0.059775
