inicut: 39633
iniimbal: 0.041952
replr: 0.010000
maxreplwgt: 24657
boun_cmin: 1
boun_cavg: 20.094118
boun_cmax: 71
boun_nmin: 1
boun_navg: 44.600000
boun_nmax: 150
boun_nnzmin: 1
boun_nnzavg: 67.729412
boun_nnzmax: 269
decom_cmin: 1
decom_cavg: 11.529412
decom_cmax: 12
decom_nmin: 1
decom_navg: 12.152941
decom_nmax: 30
decom_nnzmin: 1
decom_nnzavg: 8.329412
decom_nnzmax: 36
totreplwgt: 24652
minpartwgt: 18708
avgpartwgt: 19456.437500
maxpartwgt: 20072
fincut: 29345
finimbal: 0.031638
