inicut: 35246
iniimbal: 0.045804
replr: 0.010000
maxreplwgt: 7568
boun_cmin: 1
boun_cavg: 9.081633
boun_cmax: 21
boun_nmin: 1
boun_navg: 20.863946
boun_nmax: 56
boun_nnzmin: 1
boun_nnzavg: 23.462585
boun_nnzmax: 70
decom_cmin: 1
decom_cavg: 6.673469
decom_cmax: 7
decom_nmin: 1
decom_navg: 6.755102
decom_nmax: 7
decom_nnzmin: 1
decom_nnzavg: 3.979592
decom_nnzmax: 8
totreplwgt: 7552
minpartwgt: 2876
avgpartwgt: 2986.078125
maxpartwgt: 3092
fincut: 33241
finimbal: 0.035472
