inicut: 20877
iniimbal: 0.067450
replr: 0.010000
maxreplwgt: 7568
boun_cmin: 1
boun_cavg: 18.162162
boun_cmax: 37
boun_nmin: 3
boun_navg: 43.013514
boun_nmax: 100
boun_nnzmin: 3
boun_nnzavg: 61.459459
boun_nnzmax: 157
decom_cmin: 1
decom_cavg: 11.445946
decom_cmax: 12
decom_nmin: 3
decom_navg: 11.864865
decom_nmax: 20
decom_nnzmin: 2
decom_nnzavg: 7.121622
decom_nnzmax: 20
totreplwgt: 7568
minpartwgt: 5648
avgpartwgt: 5972.281250
maxpartwgt: 6312
fincut: 18785
finimbal: 0.056883
