inicut: 59526
iniimbal: 0.061243
replr: 0.100000
maxreplwgt: 3193694
boun_cmin: 1
boun_cavg: 34.211009
boun_cmax: 108
boun_nmin: 2
boun_navg: 60.513761
boun_nmax: 198
boun_nnzmin: 2
boun_nnzavg: 98.954128
boun_nnzmax: 386
decom_cmin: 1
decom_cavg: 34.211009
decom_cmax: 108
decom_nmin: 2
decom_navg: 60.513761
decom_nmax: 198
decom_nnzmin: 2
decom_nnzavg: 98.954128
decom_nnzmax: 386
totreplwgt: 3191940
minpartwgt: 274432
avgpartwgt: 274444.375000
maxpartwgt: 274456
fincut: 0
finimbal: 0.000042
