inicut: 66437
iniimbal: 0.385393
replr: 0.100000
maxreplwgt: 246577
boun_cmin: 1
boun_cavg: 13.167273
boun_cmax: 50
boun_nmin: 1
boun_navg: 29.600000
boun_nmax: 109
boun_nnzmin: 1
boun_nnzavg: 46.778182
boun_nnzmax: 212
decom_cmin: 1
decom_cavg: 8.687273
decom_cmax: 20
decom_nmin: 1
decom_navg: 16.676364
decom_nmax: 48
decom_nnzmin: 1
decom_nnzavg: 23.156364
decom_nnzmax: 79
totreplwgt: 246568
minpartwgt: 10252
avgpartwgt: 10595.078125
maxpartwgt: 13344
fincut: 0
finimbal: 0.259453
