inicut: 15993
iniimbal: 9.479740
replr: 0.010000
maxreplwgt: 23124
boun_cmin: 1
boun_cavg: 182.755814
boun_cmax: 850
boun_nmin: 1
boun_navg: 98.732558
boun_nmax: 518
boun_nnzmin: 1
boun_nnzavg: 279.069767
boun_nnzmax: 1375
decom_cmin: 1
decom_cavg: 56.732558
decom_cmax: 132
decom_nmin: 1
decom_navg: 52.720930
decom_nmax: 90
decom_nnzmin: 1
decom_nnzavg: 128.534884
decom_nnzmax: 1375
totreplwgt: 23124
minpartwgt: 11
avgpartwgt: 18247.039062
maxpartwgt: 189331
fincut: 14944
finimbal: 9.375985
