inicut: 46231
iniimbal: 0.049589
replr: 0.010000
maxreplwgt: 155426
boun_cmin: 1
boun_cavg: 29.362963
boun_cmax: 82
boun_nmin: 2
boun_navg: 61.703704
boun_nmax: 187
boun_nnzmin: 2
boun_nnzavg: 88.222222
boun_nnzmax: 273
decom_cmin: 1
decom_cavg: 22.822222
decom_cmax: 56
decom_nmin: 2
decom_navg: 39.377778
decom_nmax: 119
decom_nnzmin: 2
decom_nnzavg: 51.237037
decom_nnzmax: 172
totreplwgt: 155404
minpartwgt: 115916
avgpartwgt: 122640.718750
maxpartwgt: 127448
fincut: 1508
finimbal: 0.039198
