inicut: 71904
iniimbal: 0.055314
replr: 0.010000
maxreplwgt: 275320
boun_cmin: 1
boun_cavg: 23.870175
boun_cmax: 93
boun_nmin: 2
boun_navg: 47.642105
boun_nmax: 182
boun_nnzmin: 2
boun_nnzavg: 70.273684
boun_nnzmax: 328
decom_cmin: 1
decom_cavg: 18.954386
decom_cmax: 58
decom_nmin: 2
decom_navg: 33.982456
decom_nmax: 124
decom_nnzmin: 2
decom_nnzavg: 45.663158
decom_nnzmax: 196
totreplwgt: 275320
minpartwgt: 104376
avgpartwgt: 108622.578125
maxpartwgt: 113496
fincut: 54
finimbal: 0.044866
