inicut: 72240
iniimbal: 0.105523
replr: 0.010000
maxreplwgt: 109974
boun_cmin: 1
boun_cavg: 23.863158
boun_cmax: 89
boun_nmin: 3
boun_navg: 49.189474
boun_nmax: 195
boun_nnzmin: 4
boun_nnzavg: 74.742105
boun_nnzmax: 333
decom_cmin: 1
decom_cavg: 14.468421
decom_cmax: 31
decom_nmin: 3
decom_navg: 20.278947
decom_nmax: 72
decom_nnzmin: 3
decom_nnzavg: 21.873684
decom_nnzmax: 98
totreplwgt: 109960
minpartwgt: 37404
avgpartwgt: 43388.390625
maxpartwgt: 47492
fincut: 41223
finimbal: 0.094579
