inicut: 44304
iniimbal: 0.047039
replr: 0.010000
maxreplwgt: 275320
boun_cmin: 1
boun_cavg: 29.729323
boun_cmax: 109
boun_nmin: 1
boun_navg: 59.578947
boun_nmax: 185
boun_nnzmin: 1
boun_nnzavg: 86.052632
boun_nnzmax: 305
decom_cmin: 1
decom_cavg: 24.353383
decom_cmax: 62
decom_nmin: 1
decom_navg: 44.353383
decom_nmax: 126
decom_nnzmin: 1
decom_nnzavg: 59.631579
decom_nnzmax: 196
totreplwgt: 275308
minpartwgt: 207432
avgpartwgt: 217245.062500
maxpartwgt: 225212
fincut: 145
finimbal: 0.036673
