inicut: 77832
iniimbal: 0.046072
replr: 0.010000
maxreplwgt: 290684
boun_cmin: 1
boun_cavg: 26.978799
boun_cmax: 101
boun_nmin: 2
boun_navg: 53.031802
boun_nmax: 228
boun_nnzmin: 2
boun_nnzavg: 78.554770
boun_nnzmax: 398
decom_cmin: 1
decom_cavg: 20.325088
decom_cmax: 61
decom_nmin: 2
decom_navg: 34.222615
decom_nmax: 131
decom_nnzmin: 2
decom_nnzavg: 45.385159
decom_nnzmax: 237
totreplwgt: 290664
minpartwgt: 108152
avgpartwgt: 114684.031250
maxpartwgt: 118780
fincut: 0
finimbal: 0.035715
