inicut: 20877
iniimbal: 0.067450
replr: 0.100000
maxreplwgt: 75688
boun_cmin: 1
boun_cavg: 17.696000
boun_cmax: 37
boun_nmin: 3
boun_navg: 43.312000
boun_nmax: 95
boun_nnzmin: 3
boun_nnzavg: 68.248000
boun_nnzmax: 161
decom_cmin: 1
decom_cavg: 9.544000
decom_cmax: 15
decom_nmin: 3
decom_navg: 11.968000
decom_nmax: 36
decom_nnzmin: 3
decom_nnzavg: 11.288000
decom_nnzmax: 60
totreplwgt: 74184
minpartwgt: 6480
avgpartwgt: 6492.718750
maxpartwgt: 6504
fincut: 6128
finimbal: 0.001738
