inicut: 72240
iniimbal: 0.105523
replr: 0.010000
maxreplwgt: 109974
boun_cmin: 1
boun_cavg: 24.363158
boun_cmax: 89
boun_nmin: 3
boun_navg: 50.157895
boun_nmax: 195
boun_nnzmin: 3
boun_nnzavg: 76.410526
boun_nnzmax: 333
decom_cmin: 1
decom_cavg: 14.678947
decom_cmax: 31
decom_nmin: 3
decom_navg: 20.526316
decom_nmax: 70
decom_nnzmin: 3
decom_nnzavg: 22.173684
decom_nnzmax: 98
totreplwgt: 109964
minpartwgt: 37404
avgpartwgt: 43388.406250
maxpartwgt: 47492
fincut: 41034
finimbal: 0.094578
