inicut: 44470
iniimbal: 0.926828
replr: 0.100000
maxreplwgt: 120690
boun_cmin: 1
boun_cavg: 12.861413
boun_cmax: 44
boun_nmin: 1
boun_navg: 30.945652
boun_nmax: 103
boun_nnzmin: 1
boun_nnzavg: 47.478261
boun_nnzmax: 181
decom_cmin: 1
decom_cavg: 6.695652
decom_cmax: 26
decom_nmin: 1
decom_navg: 10.951087
decom_nmax: 61
decom_nnzmin: 1
decom_nnzavg: 12.891304
decom_nnzmax: 98
totreplwgt: 120680
minpartwgt: 0
avgpartwgt: 5185.890625
maxpartwgt: 9084
fincut: 6603
finimbal: 0.751676
