inicut: 72240
iniimbal: 0.105523
replr: 0.010000
maxreplwgt: 109974
boun_cmin: 1
boun_cavg: 23.873684
boun_cmax: 89
boun_nmin: 3
boun_navg: 49.163158
boun_nmax: 195
boun_nnzmin: 3
boun_nnzavg: 74.784211
boun_nnzmax: 333
decom_cmin: 1
decom_cavg: 14.342105
decom_cmax: 29
decom_nmin: 3
decom_navg: 19.978947
decom_nmax: 68
decom_nnzmin: 3
decom_nnzavg: 21.521053
decom_nnzmax: 98
totreplwgt: 109948
minpartwgt: 37404
avgpartwgt: 43388.343750
maxpartwgt: 47492
fincut: 40849
finimbal: 0.094580
