inicut: 77832
iniimbal: 0.046072
replr: 0.010000
maxreplwgt: 290684
boun_cmin: 1
boun_cavg: 26.654110
boun_cmax: 101
boun_nmin: 2
boun_navg: 52.270548
boun_nmax: 228
boun_nnzmin: 2
boun_nnzavg: 77.592466
boun_nnzmax: 398
decom_cmin: 1
decom_cavg: 19.910959
decom_cmax: 61
decom_nmin: 2
decom_navg: 33.431507
decom_nmax: 131
decom_nnzmin: 2
decom_nnzavg: 44.551370
decom_nnzmax: 241
totreplwgt: 290668
minpartwgt: 108152
avgpartwgt: 114684.046875
maxpartwgt: 118780
fincut: 0
finimbal: 0.035715
