inicut: 44304
iniimbal: 0.047039
replr: 0.100000
maxreplwgt: 2753206
boun_cmin: 1
boun_cavg: 33.018349
boun_cmax: 109
boun_nmin: 1
boun_navg: 59.899083
boun_nmax: 204
boun_nnzmin: 1
boun_nnzavg: 94.954128
boun_nnzmax: 336
decom_cmin: 1
decom_cavg: 33.018349
decom_cmax: 109
decom_nmin: 1
decom_navg: 59.899083
decom_nmax: 204
decom_nnzmin: 1
decom_nnzavg: 94.954128
decom_nnzmax: 336
totreplwgt: 2751140
minpartwgt: 236576
avgpartwgt: 236587.500000
maxpartwgt: 236600
fincut: 0
finimbal: 0.000053
