inicut: 46231
iniimbal: 0.049589
replr: 0.010000
maxreplwgt: 155426
boun_cmin: 2
boun_cavg: 30.151515
boun_cmax: 80
boun_nmin: 4
boun_navg: 63.204545
boun_nmax: 183
boun_nnzmin: 4
boun_nnzavg: 90.136364
boun_nnzmax: 266
decom_cmin: 2
decom_cavg: 23.780303
decom_cmax: 56
decom_nmin: 4
decom_navg: 41.159091
decom_nmax: 119
decom_nnzmin: 4
decom_nnzavg: 53.803030
decom_nnzmax: 172
totreplwgt: 155416
minpartwgt: 115916
avgpartwgt: 122640.812500
maxpartwgt: 127448
fincut: 1558
finimbal: 0.039197
