inicut: 46231
iniimbal: 0.049589
replr: 0.010000
maxreplwgt: 155426
boun_cmin: 1
boun_cavg: 29.419118
boun_cmax: 80
boun_nmin: 2
boun_navg: 61.875000
boun_nmax: 183
boun_nnzmin: 2
boun_nnzavg: 88.551471
boun_nnzmax: 266
decom_cmin: 1
decom_cavg: 23.014706
decom_cmax: 56
decom_nmin: 2
decom_navg: 40.147059
decom_nmax: 119
decom_nnzmin: 2
decom_nnzavg: 52.786765
decom_nnzmax: 172
totreplwgt: 155420
minpartwgt: 115916
avgpartwgt: 122640.843750
maxpartwgt: 127448
fincut: 1495
finimbal: 0.039197
