inicut: 71645
iniimbal: 0.065071
replr: 0.100000
maxreplwgt: 1554260
boun_cmin: 1
boun_cavg: 20.730088
boun_cmax: 61
boun_nmin: 2
boun_navg: 44.973451
boun_nmax: 127
boun_nnzmin: 2
boun_nnzavg: 61.345133
boun_nnzmax: 205
decom_cmin: 1
decom_cavg: 20.561947
decom_cmax: 61
decom_nmin: 2
decom_navg: 44.522124
decom_nmax: 127
decom_nnzmin: 2
decom_nnzavg: 60.676991
decom_nnzmax: 205
totreplwgt: 1551024
minpartwgt: 66760
avgpartwgt: 66772.000000
maxpartwgt: 66784
fincut: 0
finimbal: 0.000180
