inicut: 44304
iniimbal: 0.047039
replr: 0.010000
maxreplwgt: 275320
boun_cmin: 1
boun_cavg: 29.140741
boun_cmax: 109
boun_nmin: 1
boun_navg: 58.666667
boun_nmax: 199
boun_nnzmin: 1
boun_nnzavg: 84.266667
boun_nnzmax: 323
decom_cmin: 1
decom_cavg: 23.866667
decom_cmax: 62
decom_nmin: 1
decom_navg: 43.688889
decom_nmax: 126
decom_nnzmin: 1
decom_nnzavg: 58.474074
decom_nnzmax: 196
totreplwgt: 275320
minpartwgt: 207432
avgpartwgt: 217245.156250
maxpartwgt: 225212
fincut: 123
finimbal: 0.036672
