inicut: 72240
iniimbal: 0.105523
replr: 0.100000
maxreplwgt: 1099746
boun_cmin: 1
boun_cavg: 20.731915
boun_cmax: 86
boun_nmin: 1
boun_navg: 44.885106
boun_nmax: 187
boun_nnzmin: 1
boun_nnzavg: 68.034043
boun_nnzmax: 325
decom_cmin: 1
decom_cavg: 18.608511
decom_cmax: 59
decom_nmin: 1
decom_navg: 38.927660
decom_nmax: 135
decom_nnzmin: 1
decom_nnzavg: 56.382979
decom_nnzmax: 211
totreplwgt: 1097224
minpartwgt: 47228
avgpartwgt: 47244.890625
maxpartwgt: 47492
fincut: 276
finimbal: 0.005230
