inicut: 46231
iniimbal: 0.049589
replr: 0.010000
maxreplwgt: 155426
boun_cmin: 1
boun_cavg: 29.525547
boun_cmax: 80
boun_nmin: 2
boun_navg: 61.708029
boun_nmax: 183
boun_nnzmin: 2
boun_nnzavg: 88.423358
boun_nnzmax: 266
decom_cmin: 1
decom_cavg: 22.700730
decom_cmax: 56
decom_nmin: 2
decom_navg: 38.729927
decom_nmax: 121
decom_nnzmin: 2
decom_nnzavg: 50.627737
decom_nnzmax: 172
totreplwgt: 155408
minpartwgt: 115916
avgpartwgt: 122640.750000
maxpartwgt: 127448
fincut: 1731
finimbal: 0.039198
