inicut: 92628
iniimbal: 0.156455
replr: 0.010000
maxreplwgt: 319369
boun_cmin: 1
boun_cavg: 25.678832
boun_cmax: 90
boun_nmin: 1
boun_navg: 49.521898
boun_nmax: 200
boun_nnzmin: 1
boun_nnzavg: 75.113139
boun_nnzmax: 326
decom_cmin: 1
decom_cavg: 20.211679
decom_cmax: 76
decom_nmin: 1
decom_navg: 35.014599
decom_nmax: 162
decom_nnzmin: 1
decom_nnzavg: 48.299270
decom_nnzmax: 277
totreplwgt: 319352
minpartwgt: 104948
avgpartwgt: 126001.140625
maxpartwgt: 144272
fincut: 0
finimbal: 0.145006
