inicut: 66437
iniimbal: 0.385393
replr: 0.010000
maxreplwgt: 24657
boun_cmin: 2
boun_cavg: 21.688742
boun_cmax: 52
boun_nmin: 4
boun_navg: 47.198675
boun_nmax: 125
boun_nnzmin: 4
boun_nnzavg: 75.980132
boun_nnzmax: 232
decom_cmin: 2
decom_cavg: 11.596026
decom_cmax: 12
decom_nmin: 4
decom_navg: 12.039735
decom_nmax: 26
decom_nnzmin: 2
decom_nnzavg: 7.834437
decom_nnzmax: 31
totreplwgt: 24640
minpartwgt: 5476
avgpartwgt: 9728.171875
maxpartwgt: 13344
fincut: 56792
finimbal: 0.371686
