inicut: 50172
iniimbal: 0.052818
replr: 0.010000
maxreplwgt: 290684
boun_cmin: 1
boun_cavg: 32.032000
boun_cmax: 103
boun_nmin: 4
boun_navg: 63.256000
boun_nmax: 211
boun_nnzmin: 4
boun_nnzavg: 92.704000
boun_nnzmax: 352
decom_cmin: 1
decom_cavg: 27.672000
decom_cmax: 81
decom_nmin: 4
decom_navg: 49.872000
decom_nmax: 156
decom_nnzmin: 4
decom_nnzavg: 69.152000
decom_nnzmax: 279
totreplwgt: 290672
minpartwgt: 222764
avgpartwgt: 229368.125000
maxpartwgt: 239092
fincut: 0
finimbal: 0.042394
