inicut: 46231
iniimbal: 0.049589
replr: 0.010000
maxreplwgt: 155426
boun_cmin: 1
boun_cavg: 29.007246
boun_cmax: 80
boun_nmin: 2
boun_navg: 60.891304
boun_nmax: 183
boun_nnzmin: 2
boun_nnzavg: 87.123188
boun_nnzmax: 266
decom_cmin: 1
decom_cavg: 22.985507
decom_cmax: 56
decom_nmin: 2
decom_navg: 40.130435
decom_nmax: 119
decom_nnzmin: 2
decom_nnzavg: 52.811594
decom_nnzmax: 172
totreplwgt: 155404
minpartwgt: 115916
avgpartwgt: 122640.718750
maxpartwgt: 127448
fincut: 1762
finimbal: 0.039198
