inicut: 71645
iniimbal: 0.065071
replr: 0.010000
maxreplwgt: 155426
boun_cmin: 1
boun_cavg: 27.106952
boun_cmax: 69
boun_nmin: 3
boun_navg: 55.481283
boun_nmax: 133
boun_nnzmin: 3
boun_nnzavg: 80.021390
boun_nnzmax: 211
decom_cmin: 1
decom_cavg: 17.556150
decom_cmax: 52
decom_nmin: 3
decom_navg: 26.283422
decom_nmax: 102
decom_nnzmin: 3
decom_nnzavg: 30.919786
decom_nnzmax: 159
totreplwgt: 155420
minpartwgt: 58632
avgpartwgt: 61320.421875
maxpartwgt: 64664
fincut: 27147
finimbal: 0.054526
