inicut: 59526
iniimbal: 0.061243
replr: 0.010000
maxreplwgt: 319369
boun_cmin: 1
boun_cavg: 32.040000
boun_cmax: 105
boun_nmin: 2
boun_navg: 61.400000
boun_nmax: 192
boun_nnzmin: 2
boun_nnzavg: 94.032000
boun_nnzmax: 345
decom_cmin: 1
decom_cavg: 24.952000
decom_cmax: 75
decom_nmin: 2
decom_navg: 43.968000
decom_nmax: 145
decom_nnzmin: 2
decom_nnzavg: 61.616000
decom_nnzmax: 220
totreplwgt: 319344
minpartwgt: 244328
avgpartwgt: 252002.218750
maxpartwgt: 264788
fincut: 20
finimbal: 0.050737
