inicut: 39633
iniimbal: 0.041952
replr: 0.100000
maxreplwgt: 246577
boun_cmin: 1
boun_cavg: 15.841121
boun_cmax: 48
boun_nmin: 1
boun_navg: 37.130841
boun_nmax: 105
boun_nnzmin: 1
boun_nnzavg: 56.766355
boun_nnzmax: 181
decom_cmin: 1
decom_cavg: 13.383178
decom_cmax: 32
decom_nmin: 1
decom_navg: 29.700935
decom_nmax: 76
decom_nnzmin: 1
decom_nnzavg: 43.065421
decom_nnzmax: 117
totreplwgt: 244700
minpartwgt: 21164
avgpartwgt: 21175.562500
maxpartwgt: 21188
fincut: 595
finimbal: 0.000587
