inicut: 46231
iniimbal: 0.049589
replr: 0.010000
maxreplwgt: 155426
boun_cmin: 2
boun_cavg: 30.363636
boun_cmax: 67
boun_nmin: 4
boun_navg: 63.628788
boun_nmax: 156
boun_nnzmin: 5
boun_nnzavg: 91.045455
boun_nnzmax: 219
decom_cmin: 2
decom_cavg: 23.689394
decom_cmax: 56
decom_nmin: 4
decom_navg: 40.727273
decom_nmax: 119
decom_nnzmin: 5
decom_nnzavg: 53.166667
decom_nnzmax: 172
totreplwgt: 155412
minpartwgt: 115944
avgpartwgt: 122640.781250
maxpartwgt: 127448
fincut: 1693
finimbal: 0.039198
