inicut: 20877
iniimbal: 0.067450
replr: 0.010000
maxreplwgt: 7568
boun_cmin: 1
boun_cavg: 18.066667
boun_cmax: 37
boun_nmin: 3
boun_navg: 42.866667
boun_nmax: 100
boun_nnzmin: 3
boun_nnzavg: 61.160000
boun_nnzmax: 165
decom_cmin: 1
decom_cavg: 11.413333
decom_cmax: 12
decom_nmin: 3
decom_navg: 11.840000
decom_nmax: 20
decom_nnzmin: 2
decom_nnzavg: 6.986667
decom_nnzmax: 20
totreplwgt: 7568
minpartwgt: 5648
avgpartwgt: 5972.281250
maxpartwgt: 6312
fincut: 18810
finimbal: 0.056883
