inicut: 35246
iniimbal: 0.045804
replr: 0.010000
maxreplwgt: 7568
boun_cmin: 1
boun_cavg: 8.616071
boun_cmax: 21
boun_nmin: 2
boun_navg: 19.205357
boun_nmax: 51
boun_nnzmin: 2
boun_nnzavg: 21.437500
boun_nnzmax: 69
decom_cmin: 1
decom_cavg: 8.044643
decom_cmax: 18
decom_nmin: 2
decom_navg: 14.633929
decom_nmax: 29
decom_nnzmin: 2
decom_nnzavg: 15.080357
decom_nnzmax: 29
totreplwgt: 7564
minpartwgt: 2936
avgpartwgt: 2986.125000
maxpartwgt: 3092
fincut: 31804
finimbal: 0.035456
