inicut: 66437
iniimbal: 0.385393
replr: 0.100000
maxreplwgt: 246577
boun_cmin: 1
boun_cavg: 12.267206
boun_cmax: 50
boun_nmin: 1
boun_navg: 28.255061
boun_nmax: 113
boun_nnzmin: 1
boun_nnzavg: 42.793522
boun_nnzmax: 198
decom_cmin: 1
decom_cavg: 12.267206
decom_cmax: 50
decom_nmin: 1
decom_navg: 20.627530
decom_nmax: 50
decom_nnzmin: 1
decom_nnzavg: 27.570850
decom_nnzmax: 72
totreplwgt: 246576
minpartwgt: 10372
avgpartwgt: 10595.109375
maxpartwgt: 13344
fincut: 0
finimbal: 0.259449
