inicut: 46231
iniimbal: 0.049589
replr: 0.010000
maxreplwgt: 155426
boun_cmin: 1
boun_cavg: 29.874074
boun_cmax: 82
boun_nmin: 2
boun_navg: 62.385185
boun_nmax: 187
boun_nnzmin: 2
boun_nnzavg: 89.414815
boun_nnzmax: 273
decom_cmin: 1
decom_cavg: 22.918519
decom_cmax: 56
decom_nmin: 2
decom_navg: 39.311111
decom_nmax: 119
decom_nnzmin: 2
decom_nnzavg: 51.340741
decom_nnzmax: 172
totreplwgt: 155424
minpartwgt: 115944
avgpartwgt: 122640.875000
maxpartwgt: 127448
fincut: 1801
finimbal: 0.039197
