inicut: 44304
iniimbal: 0.047039
replr: 0.010000
maxreplwgt: 275320
boun_cmin: 1
boun_cavg: 28.764706
boun_cmax: 109
boun_nmin: 1
boun_navg: 57.852941
boun_nmax: 180
boun_nnzmin: 1
boun_nnzavg: 82.992647
boun_nnzmax: 288
decom_cmin: 1
decom_cavg: 23.713235
decom_cmax: 58
decom_nmin: 1
decom_navg: 43.382353
decom_nmax: 125
decom_nnzmin: 1
decom_nnzavg: 58.139706
decom_nnzmax: 176
totreplwgt: 275308
minpartwgt: 207432
avgpartwgt: 217245.062500
maxpartwgt: 225212
fincut: 123
finimbal: 0.036673
