inicut: 298092
iniimbal: 0.062517
replr: 0.100000
maxreplwgt: 9227
boun_cmin: 8
boun_cavg: 329.478571
boun_cmax: 6739
boun_nmin: 1
boun_navg: 433.578571
boun_nmax: 14686
boun_nnzmin: 8
boun_nnzavg: 2056.000000
boun_nnzmax: 29890
decom_cmin: 8
decom_cavg: 93.678571
decom_cmax: 151
decom_nmin: 1
decom_navg: 76.764286
decom_nmax: 151
decom_nnzmin: 8
decom_nnzavg: 158.700000
decom_nnzmax: 1473
totreplwgt: 9097
minpartwgt: 396
avgpartwgt: 396.000000
maxpartwgt: 396
fincut: 295608
finimbal: 0.000000
