inicut: 24328
iniimbal: 0.081502
replr: 0.100000
maxreplwgt: 25280
boun_cmin: 2
boun_cavg: 7.486056
boun_cmax: 16
boun_nmin: 2
boun_navg: 17.780876
boun_nmax: 41
boun_nnzmin: 2
boun_nnzavg: 20.864542
boun_nnzmax: 57
decom_cmin: 2
decom_cavg: 5.948207
decom_cmax: 6
decom_nmin: 2
decom_navg: 5.984064
decom_nmax: 8
decom_nnzmin: 1
decom_nnzavg: 3.247012
decom_nnzmax: 8
totreplwgt: 21932
minpartwgt: 1060
avgpartwgt: 1073.187500
maxpartwgt: 1084
fincut: 20188
finimbal: 0.010075
