inicut: 20877
iniimbal: 0.067450
replr: 0.010000
maxreplwgt: 7568
boun_cmin: 2
boun_cavg: 18.472973
boun_cmax: 38
boun_nmin: 10
boun_navg: 43.594595
boun_nmax: 100
boun_nnzmin: 10
boun_nnzavg: 62.405405
boun_nnzmax: 163
decom_cmin: 2
decom_cavg: 11.702703
decom_cmax: 12
decom_nmin: 10
decom_navg: 12.067568
decom_nmax: 20
decom_nnzmin: 2
decom_nnzavg: 7.094595
decom_nnzmax: 20
totreplwgt: 7564
minpartwgt: 5636
avgpartwgt: 5972.250000
maxpartwgt: 6312
fincut: 18594
finimbal: 0.056888
