inicut: 72240
iniimbal: 0.105523
replr: 0.010000
maxreplwgt: 109974
boun_cmin: 1
boun_cavg: 24.532258
boun_cmax: 89
boun_nmin: 3
boun_navg: 50.623656
boun_nmax: 195
boun_nnzmin: 3
boun_nnzavg: 77.075269
boun_nnzmax: 333
decom_cmin: 1
decom_cavg: 14.672043
decom_cmax: 28
decom_nmin: 3
decom_navg: 20.473118
decom_nmax: 62
decom_nnzmin: 3
decom_nnzavg: 22.376344
decom_nnzmax: 98
totreplwgt: 109968
minpartwgt: 37404
avgpartwgt: 43388.421875
maxpartwgt: 47492
fincut: 40965
finimbal: 0.094578
