inicut: 39633
iniimbal: 0.041952
replr: 0.010000
maxreplwgt: 24657
boun_cmin: 1
boun_cavg: 19.678161
boun_cmax: 71
boun_nmin: 1
boun_navg: 43.597701
boun_nmax: 150
boun_nnzmin: 1
boun_nnzavg: 66.310345
boun_nnzmax: 269
decom_cmin: 1
decom_cavg: 11.229885
decom_cmax: 12
decom_nmin: 1
decom_navg: 12.080460
decom_nmax: 30
decom_nnzmin: 1
decom_nnzavg: 8.344828
decom_nnzmax: 36
totreplwgt: 24636
minpartwgt: 18680
avgpartwgt: 19456.312500
maxpartwgt: 20072
fincut: 29004
finimbal: 0.031645
