inicut: 44470
iniimbal: 0.926828
replr: 0.100000
maxreplwgt: 120690
boun_cmin: 1
boun_cavg: 12.804945
boun_cmax: 46
boun_nmin: 1
boun_navg: 30.945055
boun_nmax: 103
boun_nnzmin: 1
boun_nnzavg: 47.549451
boun_nnzmax: 187
decom_cmin: 1
decom_cavg: 6.667582
decom_cmax: 20
decom_nmin: 1
decom_navg: 10.945055
decom_nmax: 48
decom_nnzmin: 1
decom_nnzavg: 12.934066
decom_nnzmax: 78
totreplwgt: 120684
minpartwgt: 0
avgpartwgt: 5185.906250
maxpartwgt: 9084
fincut: 6343
finimbal: 0.751671
