inicut: 20877
iniimbal: 0.067450
replr: 0.100000
maxreplwgt: 75688
boun_cmin: 2
boun_cavg: 18.296000
boun_cmax: 36
boun_nmin: 3
boun_navg: 44.680000
boun_nmax: 90
boun_nnzmin: 6
boun_nnzavg: 70.128000
boun_nnzmax: 154
decom_cmin: 2
decom_cavg: 9.496000
decom_cmax: 12
decom_nmin: 3
decom_navg: 11.280000
decom_nmax: 30
decom_nnzmin: 3
decom_nnzavg: 10.216000
decom_nnzmax: 39
totreplwgt: 74184
minpartwgt: 6480
avgpartwgt: 6492.718750
maxpartwgt: 6504
fincut: 6922
finimbal: 0.001738
