inicut: 44470
iniimbal: 0.926828
replr: 0.100000
maxreplwgt: 120690
boun_cmin: 1
boun_cavg: 12.903581
boun_cmax: 47
boun_nmin: 1
boun_navg: 31.008264
boun_nmax: 107
boun_nnzmin: 1
boun_nnzavg: 47.746556
boun_nnzmax: 207
decom_cmin: 1
decom_cavg: 6.666667
decom_cmax: 21
decom_nmin: 1
decom_navg: 10.873278
decom_nmax: 52
decom_nnzmin: 1
decom_nnzavg: 12.779614
decom_nnzmax: 86
totreplwgt: 120676
minpartwgt: 0
avgpartwgt: 5185.875000
maxpartwgt: 9084
fincut: 6399
finimbal: 0.751681
