inicut: 77832
iniimbal: 0.046072
replr: 0.010000
maxreplwgt: 290684
boun_cmin: 1
boun_cavg: 26.358621
boun_cmax: 101
boun_nmin: 1
boun_navg: 51.965517
boun_nmax: 228
boun_nnzmin: 1
boun_nnzavg: 76.737931
boun_nnzmax: 398
decom_cmin: 1
decom_cavg: 19.313793
decom_cmax: 61
decom_nmin: 1
decom_navg: 32.310345
decom_nmax: 133
decom_nnzmin: 1
decom_nnzavg: 42.289655
decom_nnzmax: 249
totreplwgt: 290684
minpartwgt: 109992
avgpartwgt: 114684.109375
maxpartwgt: 118780
fincut: 0
finimbal: 0.035715
