inicut: 50172
iniimbal: 0.052818
replr: 0.010000
maxreplwgt: 290684
boun_cmin: 4
boun_cavg: 34.683761
boun_cmax: 100
boun_nmin: 5
boun_navg: 63.393162
boun_nmax: 202
boun_nnzmin: 11
boun_nnzavg: 99.923077
boun_nnzmax: 346
decom_cmin: 4
decom_cavg: 32.717949
decom_cmax: 76
decom_nmin: 5
decom_navg: 56.341880
decom_nmax: 149
decom_nnzmin: 11
decom_nnzavg: 86.461538
decom_nnzmax: 218
totreplwgt: 290664
minpartwgt: 223452
avgpartwgt: 229368.062500
maxpartwgt: 239092
fincut: 0
finimbal: 0.042394
