inicut: 66437
iniimbal: 0.385393
replr: 0.100000
maxreplwgt: 246577
boun_cmin: 1
boun_cavg: 13.503676
boun_cmax: 54
boun_nmin: 1
boun_navg: 30.529412
boun_nmax: 120
boun_nnzmin: 1
boun_nnzavg: 48.198529
boun_nnzmax: 240
decom_cmin: 1
decom_cavg: 8.801471
decom_cmax: 22
decom_nmin: 1
decom_navg: 17.084559
decom_nmax: 51
decom_nnzmin: 1
decom_nnzavg: 23.566176
decom_nnzmax: 85
totreplwgt: 246560
minpartwgt: 10288
avgpartwgt: 10595.046875
maxpartwgt: 13344
fincut: 0
finimbal: 0.259456
