inicut: 44470
iniimbal: 0.926828
replr: 0.100000
maxreplwgt: 120690
boun_cmin: 1
boun_cavg: 12.740642
boun_cmax: 42
boun_nmin: 1
boun_navg: 30.663102
boun_nmax: 103
boun_nnzmin: 1
boun_nnzavg: 46.989305
boun_nnzmax: 180
decom_cmin: 1
decom_cavg: 6.655080
decom_cmax: 24
decom_nmin: 1
decom_navg: 11.018717
decom_nmax: 63
decom_nnzmin: 1
decom_nnzavg: 13.064171
decom_nnzmax: 97
totreplwgt: 120676
minpartwgt: 0
avgpartwgt: 5185.875000
maxpartwgt: 9084
fincut: 5931
finimbal: 0.751681
