inicut: 50172
iniimbal: 0.052818
replr: 0.010000
maxreplwgt: 290684
boun_cmin: 2
boun_cavg: 31.724409
boun_cmax: 115
boun_nmin: 2
boun_navg: 62.377953
boun_nmax: 229
boun_nnzmin: 4
boun_nnzavg: 91.606299
boun_nnzmax: 401
decom_cmin: 2
decom_cavg: 27.417323
decom_cmax: 72
decom_nmin: 2
decom_navg: 49.259843
decom_nmax: 153
decom_nnzmin: 4
decom_nnzavg: 68.330709
decom_nnzmax: 219
totreplwgt: 290684
minpartwgt: 222764
avgpartwgt: 229368.218750
maxpartwgt: 239092
fincut: 0
finimbal: 0.042394
