inicut: 50172
iniimbal: 0.052818
replr: 0.100000
maxreplwgt: 2906844
boun_cmin: 1
boun_cavg: 32.981982
boun_cmax: 93
boun_nmin: 2
boun_navg: 62.513514
boun_nmax: 182
boun_nnzmin: 2
boun_nnzavg: 93.720721
boun_nnzmax: 346
decom_cmin: 1
decom_cavg: 32.981982
decom_cmax: 93
decom_nmin: 2
decom_navg: 62.513514
decom_nmax: 182
decom_nnzmin: 2
decom_nnzavg: 93.720721
decom_nnzmax: 346
totreplwgt: 2904960
minpartwgt: 249780
avgpartwgt: 249792.250000
maxpartwgt: 249804
fincut: 0
finimbal: 0.000047
