inicut: 59526
iniimbal: 0.061243
replr: 0.010000
maxreplwgt: 319369
boun_cmin: 1
boun_cavg: 30.500000
boun_cmax: 95
boun_nmin: 1
boun_navg: 58.830645
boun_nmax: 175
boun_nnzmin: 1
boun_nnzavg: 89.000000
boun_nnzmax: 305
decom_cmin: 1
decom_cavg: 26.354839
decom_cmax: 95
decom_nmin: 1
decom_navg: 45.274194
decom_nmax: 175
decom_nnzmin: 1
decom_nnzavg: 62.959677
decom_nnzmax: 284
totreplwgt: 319348
minpartwgt: 244396
avgpartwgt: 252002.250000
maxpartwgt: 264788
fincut: 15
finimbal: 0.050737
