inicut: 15805
iniimbal: 0.045047
replr: 0.100000
maxreplwgt: 25280
boun_cmin: 1
boun_cavg: 10.953125
boun_cmax: 24
boun_nmin: 3
boun_navg: 28.398438
boun_nmax: 60
boun_nnzmin: 3
boun_nnzavg: 38.765625
boun_nnzmax: 98
decom_cmin: 1
decom_cavg: 6.875000
decom_cmax: 7
decom_nmin: 3
decom_navg: 7.148438
decom_nmax: 16
decom_nnzmin: 2
decom_nnzavg: 4.679688
decom_nnzmax: 19
totreplwgt: 23740
minpartwgt: 2148
avgpartwgt: 2160.500000
maxpartwgt: 2172
fincut: 10042
finimbal: 0.005323
