inicut: 27834
iniimbal: 0.243402
replr: 0.010000
maxreplwgt: 12069
boun_cmin: 4
boun_cavg: 20.074074
boun_cmax: 44
boun_nmin: 15
boun_navg: 46.629630
boun_nmax: 96
boun_nnzmin: 15
boun_nnzavg: 74.037037
boun_nnzmax: 167
decom_cmin: 4
decom_cavg: 12.962963
decom_cmax: 22
decom_nmin: 6
decom_navg: 16.555556
decom_nmax: 53
decom_nnzmin: 6
decom_nnzavg: 19.407407
decom_nnzmax: 84
totreplwgt: 12060
minpartwgt: 8072
avgpartwgt: 9523.187500
maxpartwgt: 11724
fincut: 22943
finimbal: 0.231100
