inicut: 1043753
iniimbal: 0.041711
replr: 0.200000
maxreplwgt: 270152
