inicut: 45089
iniimbal: 0.070373
replr: 0.010000
maxreplwgt: 109974
boun_cmin: 1
boun_cavg: 27.873016
boun_cmax: 91
boun_nmin: 2
boun_navg: 59.373016
boun_nmax: 204
boun_nnzmin: 2
boun_nnzavg: 89.865079
boun_nnzmax: 335
decom_cmin: 1
decom_cavg: 18.373016
decom_cmax: 44
decom_nmin: 2
decom_navg: 29.896825
decom_nmax: 102
decom_nnzmin: 2
decom_nnzavg: 37.380952
decom_nnzmax: 143
totreplwgt: 109968
minpartwgt: 81788
avgpartwgt: 86776.843750
maxpartwgt: 91964
fincut: 13471
finimbal: 0.059776
