inicut: 35246
iniimbal: 0.045804
replr: 0.010000
maxreplwgt: 7568
boun_cmin: 1
boun_cavg: 9.084507
boun_cmax: 23
boun_nmin: 1
boun_navg: 20.859155
boun_nmax: 56
boun_nnzmin: 1
boun_nnzavg: 23.535211
boun_nnzmax: 70
decom_cmin: 1
decom_cavg: 6.605634
decom_cmax: 7
decom_nmin: 1
decom_navg: 6.802817
decom_nmax: 13
decom_nnzmin: 1
decom_nnzavg: 4.161972
decom_nnzmax: 15
totreplwgt: 7560
minpartwgt: 2876
avgpartwgt: 2986.109375
maxpartwgt: 3092
fincut: 33289
finimbal: 0.035461
