inicut: 71645
iniimbal: 0.065071
replr: 0.010000
maxreplwgt: 155426
boun_cmin: 1
boun_cavg: 26.165803
boun_cmax: 67
boun_nmin: 2
boun_navg: 53.984456
boun_nmax: 138
boun_nnzmin: 2
boun_nnzavg: 77.461140
boun_nnzmax: 216
decom_cmin: 1
decom_cavg: 17.414508
decom_cmax: 50
decom_nmin: 2
decom_navg: 26.186528
decom_nmax: 94
decom_nnzmin: 2
decom_nnzavg: 30.072539
decom_nnzmax: 150
totreplwgt: 155420
minpartwgt: 58280
avgpartwgt: 61320.421875
maxpartwgt: 64664
fincut: 26860
finimbal: 0.054526
