inicut: 72240
iniimbal: 0.105523
replr: 0.010000
maxreplwgt: 109974
boun_cmin: 1
boun_cavg: 23.678756
boun_cmax: 89
boun_nmin: 2
boun_navg: 48.792746
boun_nmax: 195
boun_nnzmin: 2
boun_nnzavg: 74.139896
boun_nnzmax: 333
decom_cmin: 1
decom_cavg: 14.207254
decom_cmax: 28
decom_nmin: 2
decom_navg: 20.145078
decom_nmax: 62
decom_nnzmin: 2
decom_nnzavg: 22.098446
decom_nnzmax: 98
totreplwgt: 109960
minpartwgt: 37404
avgpartwgt: 43388.390625
maxpartwgt: 47492
fincut: 40810
finimbal: 0.094579
