inicut: 20877
iniimbal: 0.067450
replr: 0.100000
maxreplwgt: 75688
boun_cmin: 2
boun_cavg: 17.706349
boun_cmax: 39
boun_nmin: 4
boun_navg: 43.134921
boun_nmax: 99
boun_nnzmin: 9
boun_nnzavg: 67.904762
boun_nnzmax: 169
decom_cmin: 2
decom_cavg: 9.642857
decom_cmax: 13
decom_nmin: 4
decom_navg: 11.769841
decom_nmax: 34
decom_nnzmin: 3
decom_nnzavg: 10.722222
decom_nnzmax: 43
totreplwgt: 74196
minpartwgt: 6480
avgpartwgt: 6492.812500
maxpartwgt: 6504
fincut: 6255
finimbal: 0.001723
