inicut: 71645
iniimbal: 0.065071
replr: 0.010000
maxreplwgt: 155426
boun_cmin: 1
boun_cavg: 25.917098
boun_cmax: 65
boun_nmin: 1
boun_navg: 53.222798
boun_nmax: 133
boun_nnzmin: 1
boun_nnzavg: 76.704663
boun_nnzmax: 211
decom_cmin: 1
decom_cavg: 17.000000
decom_cmax: 52
decom_nmin: 1
decom_navg: 25.139896
decom_nmax: 99
decom_nnzmin: 1
decom_nnzavg: 29.191710
decom_nnzmax: 158
totreplwgt: 155424
minpartwgt: 58528
avgpartwgt: 61320.437500
maxpartwgt: 64664
fincut: 27299
finimbal: 0.054526
