inicut: 44470
iniimbal: 0.926828
replr: 0.100000
maxreplwgt: 120690
boun_cmin: 1
boun_cavg: 13.028249
boun_cmax: 48
boun_nmin: 1
boun_navg: 31.519774
boun_nmax: 110
boun_nnzmin: 1
boun_nnzavg: 48.322034
boun_nnzmax: 195
decom_cmin: 1
decom_cavg: 6.765537
decom_cmax: 24
decom_nmin: 1
decom_navg: 10.918079
decom_nmax: 65
decom_nnzmin: 1
decom_nnzavg: 12.596045
decom_nnzmax: 97
totreplwgt: 120668
minpartwgt: 0
avgpartwgt: 5185.843750
maxpartwgt: 9084
fincut: 6638
finimbal: 0.751692
