inicut: 46231
iniimbal: 0.049589
replr: 0.010000
maxreplwgt: 155426
boun_cmin: 1
boun_cavg: 29.970149
boun_cmax: 80
boun_nmin: 3
boun_navg: 63.104478
boun_nmax: 183
boun_nnzmin: 3
boun_nnzavg: 90.171642
boun_nnzmax: 266
decom_cmin: 1
decom_cavg: 23.358209
decom_cmax: 56
decom_nmin: 3
decom_navg: 40.917910
decom_nmax: 119
decom_nnzmin: 3
decom_nnzavg: 53.455224
decom_nnzmax: 172
totreplwgt: 155420
minpartwgt: 115916
avgpartwgt: 122640.843750
maxpartwgt: 127448
fincut: 1746
finimbal: 0.039197
