inicut: 50172
iniimbal: 0.052818
replr: 0.010000
maxreplwgt: 290684
boun_cmin: 1
boun_cavg: 31.785714
boun_cmax: 110
boun_nmin: 2
boun_navg: 62.865079
boun_nmax: 219
boun_nnzmin: 2
boun_nnzavg: 91.833333
boun_nnzmax: 379
decom_cmin: 1
decom_cavg: 27.293651
decom_cmax: 74
decom_nmin: 2
decom_navg: 48.960317
decom_nmax: 153
decom_nnzmin: 2
decom_nnzavg: 67.642857
decom_nnzmax: 260
totreplwgt: 290676
minpartwgt: 222764
avgpartwgt: 229368.156250
maxpartwgt: 239092
fincut: 0
finimbal: 0.042394
