inicut: 35246
iniimbal: 0.045804
replr: 0.100000
maxreplwgt: 75688
boun_cmin: 4
boun_cavg: 17.230469
boun_cmax: 36
boun_nmin: 8
boun_navg: 41.175781
boun_nmax: 87
boun_nnzmin: 13
boun_nnzavg: 65.257812
boun_nnzmax: 150
decom_cmin: 4
decom_cavg: 8.878906
decom_cmax: 9
decom_nmin: 9
decom_navg: 9.203125
decom_nmax: 21
decom_nnzmin: 2
decom_nnzavg: 6.617188
decom_nnzmax: 26
totreplwgt: 72900
minpartwgt: 3228
avgpartwgt: 3241.343750
maxpartwgt: 3252
fincut: 23655
finimbal: 0.003288
