inicut: 20877
iniimbal: 0.067450
replr: 0.100000
maxreplwgt: 75688
boun_cmin: 1
boun_cavg: 18.103175
boun_cmax: 37
boun_nmin: 3
boun_navg: 44.380952
boun_nmax: 95
boun_nnzmin: 3
boun_nnzavg: 69.666667
boun_nnzmax: 161
decom_cmin: 1
decom_cavg: 9.484127
decom_cmax: 13
decom_nmin: 3
decom_navg: 11.595238
decom_nmax: 34
decom_nnzmin: 3
decom_nnzavg: 10.682540
decom_nnzmax: 42
totreplwgt: 74168
minpartwgt: 6480
avgpartwgt: 6492.593750
maxpartwgt: 6504
fincut: 6512
finimbal: 0.001757
