inicut: 66437
iniimbal: 0.385393
replr: 0.100000
maxreplwgt: 246577
boun_cmin: 1
boun_cavg: 13.418519
boun_cmax: 50
boun_nmin: 1
boun_navg: 30.022222
boun_nmax: 108
boun_nnzmin: 1
boun_nnzavg: 47.611111
boun_nnzmax: 203
decom_cmin: 1
decom_cavg: 8.896296
decom_cmax: 27
decom_nmin: 1
decom_navg: 17.125926
decom_nmax: 68
decom_nnzmin: 1
decom_nnzavg: 23.855556
decom_nnzmax: 106
totreplwgt: 246564
minpartwgt: 10276
avgpartwgt: 10595.062500
maxpartwgt: 13344
fincut: 0
finimbal: 0.259455
