inicut: 59526
iniimbal: 0.061243
replr: 0.010000
maxreplwgt: 319369
boun_cmin: 1
boun_cavg: 31.376000
boun_cmax: 95
boun_nmin: 2
boun_navg: 60.192000
boun_nmax: 175
boun_nnzmin: 2
boun_nnzavg: 91.440000
boun_nnzmax: 305
decom_cmin: 1
decom_cavg: 25.184000
decom_cmax: 95
decom_nmin: 2
decom_navg: 44.456000
decom_nmax: 175
decom_nnzmin: 2
decom_nnzavg: 62.032000
decom_nnzmax: 284
totreplwgt: 319364
minpartwgt: 244328
avgpartwgt: 252002.375000
maxpartwgt: 264788
fincut: 20
finimbal: 0.050736
