inicut: 71645
iniimbal: 0.065071
replr: 0.010000
maxreplwgt: 155426
boun_cmin: 1
boun_cavg: 25.994792
boun_cmax: 65
boun_nmin: 3
boun_navg: 53.473958
boun_nmax: 138
boun_nnzmin: 3
boun_nnzavg: 76.963542
boun_nnzmax: 216
decom_cmin: 1
decom_cavg: 17.208333
decom_cmax: 53
decom_nmin: 3
decom_navg: 25.791667
decom_nmax: 103
decom_nnzmin: 3
decom_nnzavg: 29.890625
decom_nnzmax: 163
totreplwgt: 155408
minpartwgt: 58588
avgpartwgt: 61320.375000
maxpartwgt: 64664
fincut: 26978
finimbal: 0.054527
