inicut: 72240
iniimbal: 0.105523
replr: 0.010000
maxreplwgt: 109974
boun_cmin: 1
boun_cavg: 23.430769
boun_cmax: 89
boun_nmin: 2
boun_navg: 48.235897
boun_nmax: 195
boun_nnzmin: 2
boun_nnzavg: 73.517949
boun_nnzmax: 333
decom_cmin: 1
decom_cavg: 14.056410
decom_cmax: 31
decom_nmin: 2
decom_navg: 19.620513
decom_nmax: 70
decom_nnzmin: 2
decom_nnzavg: 21.230769
decom_nnzmax: 98
totreplwgt: 109964
minpartwgt: 37404
avgpartwgt: 43388.406250
maxpartwgt: 47492
fincut: 41214
finimbal: 0.094578
