inicut: 44304
iniimbal: 0.047039
replr: 0.010000
maxreplwgt: 275320
boun_cmin: 1
boun_cavg: 31.077519
boun_cmax: 109
boun_nmin: 1
boun_navg: 56.465116
boun_nmax: 204
boun_nnzmin: 1
boun_nnzavg: 89.914729
boun_nnzmax: 336
decom_cmin: 1
decom_cavg: 27.922481
decom_cmax: 88
decom_nmin: 1
decom_navg: 46.054264
decom_nmax: 172
decom_nnzmin: 1
decom_nnzavg: 70.441860
decom_nnzmax: 297
totreplwgt: 275308
minpartwgt: 204424
avgpartwgt: 217245.062500
maxpartwgt: 225212
fincut: 142
finimbal: 0.036673
