inicut: 39633
iniimbal: 0.041952
replr: 0.010000
maxreplwgt: 24657
boun_cmin: 1
boun_cavg: 20.632911
boun_cmax: 61
boun_nmin: 1
boun_navg: 45.569620
boun_nmax: 135
boun_nnzmin: 1
boun_nnzavg: 69.848101
boun_nnzmax: 232
decom_cmin: 1
decom_cavg: 11.620253
decom_cmax: 12
decom_nmin: 1
decom_navg: 12.240506
decom_nmax: 30
decom_nnzmin: 1
decom_nnzavg: 8.607595
decom_nnzmax: 36
totreplwgt: 24652
minpartwgt: 18680
avgpartwgt: 19456.437500
maxpartwgt: 20072
fincut: 29398
finimbal: 0.031638
