inicut: 71904
iniimbal: 0.055314
replr: 0.010000
maxreplwgt: 275320
boun_cmin: 1
boun_cavg: 23.936620
boun_cmax: 92
boun_nmin: 2
boun_navg: 47.820423
boun_nmax: 179
boun_nnzmin: 2
boun_nnzavg: 70.369718
boun_nnzmax: 325
decom_cmin: 1
decom_cavg: 19.007042
decom_cmax: 63
decom_nmin: 2
decom_navg: 34.063380
decom_nmax: 140
decom_nnzmin: 2
decom_nnzavg: 45.461268
decom_nnzmax: 219
totreplwgt: 275312
minpartwgt: 104376
avgpartwgt: 108622.546875
maxpartwgt: 113496
fincut: 27
finimbal: 0.044866
