inicut: 15805
iniimbal: 0.045047
replr: 0.100000
maxreplwgt: 25280
boun_cmin: 1
boun_cavg: 10.992188
boun_cmax: 24
boun_nmin: 3
boun_navg: 28.351562
boun_nmax: 61
boun_nnzmin: 3
boun_nnzavg: 38.765625
boun_nnzmax: 99
decom_cmin: 1
decom_cavg: 6.867188
decom_cmax: 7
decom_nmin: 3
decom_navg: 7.171875
decom_nmax: 16
decom_nnzmin: 1
decom_nnzavg: 4.687500
decom_nnzmax: 19
totreplwgt: 23696
minpartwgt: 2148
avgpartwgt: 2160.156250
maxpartwgt: 2172
fincut: 9704
finimbal: 0.005483
