inicut: 27834
iniimbal: 0.243402
replr: 0.100000
maxreplwgt: 120690
boun_cmin: 1
boun_cavg: 14.386667
boun_cmax: 43
boun_nmin: 2
boun_navg: 35.846667
boun_nmax: 112
boun_nnzmin: 2
boun_nnzavg: 55.553333
boun_nnzmax: 195
decom_cmin: 1
decom_cavg: 9.806667
decom_cmax: 26
decom_nmin: 2
decom_navg: 19.966667
decom_nmax: 58
decom_nnzmin: 2
decom_nnzavg: 26.733333
decom_nnzmax: 103
totreplwgt: 120672
minpartwgt: 9800
avgpartwgt: 10371.718750
maxpartwgt: 11724
fincut: 319
finimbal: 0.130382
