inicut: 46231
iniimbal: 0.049589
replr: 0.100000
maxreplwgt: 1554260
boun_cmin: 1
boun_cavg: 31.194690
boun_cmax: 76
boun_nmin: 3
boun_navg: 58.787611
boun_nmax: 134
boun_nnzmin: 3
boun_nnzavg: 93.362832
boun_nnzmax: 247
decom_cmin: 1
decom_cavg: 31.194690
decom_cmax: 76
decom_nmin: 3
decom_navg: 58.787611
decom_nmax: 134
decom_nnzmin: 3
decom_nnzavg: 93.362832
decom_nnzmax: 247
totreplwgt: 1552624
minpartwgt: 133544
avgpartwgt: 133556.500000
maxpartwgt: 133568
fincut: 0
finimbal: 0.000086
