inicut: 71645
iniimbal: 0.065071
replr: 0.010000
maxreplwgt: 155426
boun_cmin: 1
boun_cavg: 26.062176
boun_cmax: 69
boun_nmin: 2
boun_navg: 53.735751
boun_nmax: 133
boun_nnzmin: 2
boun_nnzavg: 77.124352
boun_nnzmax: 211
decom_cmin: 1
decom_cavg: 17.160622
decom_cmax: 50
decom_nmin: 2
decom_navg: 25.787565
decom_nmax: 95
decom_nnzmin: 2
decom_nnzavg: 29.963731
decom_nnzmax: 152
totreplwgt: 155408
minpartwgt: 58324
avgpartwgt: 61320.375000
maxpartwgt: 64664
fincut: 27082
finimbal: 0.054527
