inicut: 72240
iniimbal: 0.105523
replr: 0.010000
maxreplwgt: 109974
boun_cmin: 1
boun_cavg: 23.952632
boun_cmax: 89
boun_nmin: 2
boun_navg: 49.315789
boun_nmax: 195
boun_nnzmin: 2
boun_nnzavg: 75.142105
boun_nnzmax: 333
decom_cmin: 1
decom_cavg: 14.405263
decom_cmax: 29
decom_nmin: 2
decom_navg: 19.968421
decom_nmax: 68
decom_nnzmin: 2
decom_nnzavg: 21.673684
decom_nnzmax: 98
totreplwgt: 109960
minpartwgt: 37432
avgpartwgt: 43388.390625
maxpartwgt: 47492
fincut: 41429
finimbal: 0.094579
