inicut: 50172
iniimbal: 0.052818
replr: 0.010000
maxreplwgt: 290684
boun_cmin: 1
boun_cavg: 31.714286
boun_cmax: 110
boun_nmin: 3
boun_navg: 62.626984
boun_nmax: 224
boun_nnzmin: 3
boun_nnzavg: 91.730159
boun_nnzmax: 379
decom_cmin: 1
decom_cavg: 27.460317
decom_cmax: 70
decom_nmin: 3
decom_navg: 49.420635
decom_nmax: 141
decom_nnzmin: 3
decom_nnzavg: 68.563492
decom_nnzmax: 242
totreplwgt: 290668
minpartwgt: 222764
avgpartwgt: 229368.093750
maxpartwgt: 239092
fincut: 0
finimbal: 0.042394
