inicut: 66437
iniimbal: 0.385393
replr: 0.100000
maxreplwgt: 246577
boun_cmin: 1
boun_cavg: 13.185455
boun_cmax: 54
boun_nmin: 1
boun_navg: 29.687273
boun_nmax: 125
boun_nnzmin: 1
boun_nnzavg: 47.058182
boun_nnzmax: 240
decom_cmin: 1
decom_cavg: 8.741818
decom_cmax: 23
decom_nmin: 1
decom_navg: 16.712727
decom_nmax: 56
decom_nnzmin: 1
decom_nnzavg: 23.138182
decom_nnzmax: 92
totreplwgt: 246568
minpartwgt: 10256
avgpartwgt: 10595.078125
maxpartwgt: 13344
fincut: 0
finimbal: 0.259453
