inicut: 92628
iniimbal: 0.156455
replr: 0.010000
maxreplwgt: 319369
boun_cmin: 1
boun_cavg: 25.689781
boun_cmax: 89
boun_nmin: 2
boun_navg: 49.375912
boun_nmax: 200
boun_nnzmin: 3
boun_nnzavg: 75.270073
boun_nnzmax: 326
decom_cmin: 1
decom_cavg: 19.996350
decom_cmax: 76
decom_nmin: 2
decom_navg: 34.291971
decom_nmax: 162
decom_nnzmin: 3
decom_nnzavg: 47.343066
decom_nnzmax: 277
totreplwgt: 319368
minpartwgt: 104948
avgpartwgt: 126001.203125
maxpartwgt: 144272
fincut: 0
finimbal: 0.145005
