inicut: 46231
iniimbal: 0.049589
replr: 0.010000
maxreplwgt: 155426
boun_cmin: 1
boun_cavg: 30.310606
boun_cmax: 80
boun_nmin: 2
boun_navg: 63.280303
boun_nmax: 183
boun_nnzmin: 2
boun_nnzavg: 90.681818
boun_nnzmax: 266
decom_cmin: 1
decom_cavg: 23.500000
decom_cmax: 56
decom_nmin: 2
decom_navg: 40.143939
decom_nmax: 119
decom_nnzmin: 2
decom_nnzavg: 52.219697
decom_nnzmax: 172
totreplwgt: 155424
minpartwgt: 115916
avgpartwgt: 122640.875000
maxpartwgt: 127448
fincut: 1883
finimbal: 0.039197
