inicut: 71645
iniimbal: 0.065071
replr: 0.010000
maxreplwgt: 155426
boun_cmin: 1
boun_cavg: 27.058511
boun_cmax: 69
boun_nmin: 2
boun_navg: 55.601064
boun_nmax: 133
boun_nnzmin: 2
boun_nnzavg: 80.069149
boun_nnzmax: 219
decom_cmin: 1
decom_cavg: 17.372340
decom_cmax: 44
decom_nmin: 2
decom_navg: 25.968085
decom_nmax: 89
decom_nnzmin: 2
decom_nnzavg: 29.989362
decom_nnzmax: 131
totreplwgt: 155412
minpartwgt: 58352
avgpartwgt: 61320.390625
maxpartwgt: 64664
fincut: 27131
finimbal: 0.054527
