inicut: 45089
iniimbal: 0.070373
replr: 0.010000
maxreplwgt: 109974
boun_cmin: 1
boun_cavg: 28.408000
boun_cmax: 96
boun_nmin: 2
boun_navg: 60.216000
boun_nmax: 200
boun_nnzmin: 2
boun_nnzavg: 90.960000
boun_nnzmax: 353
decom_cmin: 1
decom_cavg: 18.320000
decom_cmax: 44
decom_nmin: 2
decom_navg: 29.960000
decom_nmax: 102
decom_nnzmin: 2
decom_nnzavg: 36.976000
decom_nnzmax: 143
totreplwgt: 109956
minpartwgt: 81952
avgpartwgt: 86776.750000
maxpartwgt: 91964
fincut: 13820
finimbal: 0.059777
