inicut: 44304
iniimbal: 0.047039
replr: 0.010000
maxreplwgt: 275320
boun_cmin: 1
boun_cavg: 29.533835
boun_cmax: 109
boun_nmin: 1
boun_navg: 59.187970
boun_nmax: 197
boun_nnzmin: 1
boun_nnzavg: 85.218045
boun_nnzmax: 326
decom_cmin: 1
decom_cavg: 24.315789
decom_cmax: 58
decom_nmin: 1
decom_navg: 44.263158
decom_nmax: 125
decom_nnzmin: 1
decom_nnzavg: 59.548872
decom_nnzmax: 176
totreplwgt: 275316
minpartwgt: 207432
avgpartwgt: 217245.125000
maxpartwgt: 225212
fincut: 123
finimbal: 0.036672
