inicut: 66437
iniimbal: 0.385393
replr: 0.010000
maxreplwgt: 24657
boun_cmin: 2
boun_cavg: 21.161290
boun_cmax: 52
boun_nmin: 4
boun_navg: 46.103226
boun_nmax: 125
boun_nnzmin: 4
boun_nnzavg: 74.012903
boun_nnzmax: 228
decom_cmin: 2
decom_cavg: 11.400000
decom_cmax: 12
decom_nmin: 4
decom_navg: 12.083871
decom_nmax: 30
decom_nnzmin: 2
decom_nnzavg: 8.174194
decom_nnzmax: 36
totreplwgt: 24656
minpartwgt: 5504
avgpartwgt: 9728.234375
maxpartwgt: 13344
fincut: 56024
finimbal: 0.371677
