inicut: 71904
iniimbal: 0.055314
replr: 0.010000
maxreplwgt: 275320
boun_cmin: 1
boun_cavg: 24.049296
boun_cmax: 96
boun_nmin: 2
boun_navg: 48.045775
boun_nmax: 186
boun_nnzmin: 2
boun_nnzavg: 70.672535
boun_nnzmax: 338
decom_cmin: 1
decom_cavg: 19.077465
decom_cmax: 58
decom_nmin: 2
decom_navg: 34.369718
decom_nmax: 115
decom_nnzmin: 2
decom_nnzavg: 46.028169
decom_nnzmax: 181
totreplwgt: 275304
minpartwgt: 104376
avgpartwgt: 108622.515625
maxpartwgt: 113496
fincut: 54
finimbal: 0.044866
