inicut: 35246
iniimbal: 0.045804
replr: 0.100000
maxreplwgt: 75688
boun_cmin: 2
boun_cavg: 17.054688
boun_cmax: 35
boun_nmin: 8
boun_navg: 40.664062
boun_nmax: 83
boun_nnzmin: 8
boun_nnzavg: 64.503906
boun_nnzmax: 147
decom_cmin: 2
decom_cavg: 8.855469
decom_cmax: 9
decom_nmin: 8
decom_navg: 9.175781
decom_nmax: 21
decom_nnzmin: 3
decom_nnzavg: 6.476562
decom_nnzmax: 24
totreplwgt: 72884
minpartwgt: 3228
avgpartwgt: 3241.281250
maxpartwgt: 3252
fincut: 22555
finimbal: 0.003307
