inicut: 15993
iniimbal: 9.479740
replr: 0.010000
maxreplwgt: 23124
boun_cmin: 1
boun_cavg: 165.288889
boun_cmax: 850
boun_nmin: 1
boun_navg: 90.155556
boun_nmax: 512
boun_nnzmin: 1
boun_nnzavg: 256.122222
boun_nnzmax: 1375
decom_cmin: 1
decom_cavg: 165.288889
decom_cmax: 850
decom_nmin: 1
decom_navg: 162.777778
decom_nmax: 850
decom_nnzmin: 1
decom_nnzavg: 221.077778
decom_nnzmax: 1375
totreplwgt: 23124
minpartwgt: 12
avgpartwgt: 18247.039062
maxpartwgt: 189331
fincut: 14254
finimbal: 9.375985
