inicut: 15993
iniimbal: 9.479740
replr: 0.010000
maxreplwgt: 23124
boun_cmin: 1
boun_cavg: 176.383721
boun_cmax: 850
boun_nmin: 1
boun_navg: 93.697674
boun_nmax: 511
boun_nnzmin: 1
boun_nnzavg: 272.674419
boun_nnzmax: 1375
decom_cmin: 1
decom_cavg: 55.255814
decom_cmax: 132
decom_nmin: 1
decom_navg: 51.255814
decom_nmax: 90
decom_nnzmin: 1
decom_nnzavg: 125.651163
decom_nnzmax: 1375
totreplwgt: 23124
minpartwgt: 12
avgpartwgt: 18247.039062
maxpartwgt: 189331
fincut: 14972
finimbal: 9.375985
