inicut: 72240
iniimbal: 0.105523
replr: 0.010000
maxreplwgt: 109974
boun_cmin: 1
boun_cavg: 24.297872
boun_cmax: 89
boun_nmin: 3
boun_navg: 50.037234
boun_nmax: 195
boun_nnzmin: 4
boun_nnzavg: 76.436170
boun_nnzmax: 333
decom_cmin: 1
decom_cavg: 14.718085
decom_cmax: 31
decom_nmin: 3
decom_navg: 20.526596
decom_nmax: 65
decom_nnzmin: 3
decom_nnzavg: 22.372340
decom_nnzmax: 95
totreplwgt: 109972
minpartwgt: 37404
avgpartwgt: 43388.437500
maxpartwgt: 47492
fincut: 41341
finimbal: 0.094577
