inicut: 44470
iniimbal: 0.926828
replr: 0.010000
maxreplwgt: 12069
boun_cmin: 1
boun_cavg: 12.281250
boun_cmax: 31
boun_nmin: 1
boun_navg: 28.265625
boun_nmax: 87
boun_nnzmin: 1
boun_nnzavg: 37.429688
boun_nnzmax: 111
decom_cmin: 1
decom_cavg: 8.562500
decom_cmax: 19
decom_nmin: 1
decom_navg: 9.851562
decom_nmax: 44
decom_nnzmin: 1
decom_nnzavg: 6.992188
decom_nnzmax: 55
totreplwgt: 12068
minpartwgt: 0
avgpartwgt: 4761.625000
maxpartwgt: 9084
fincut: 40516
finimbal: 0.907752
