inicut: 71645
iniimbal: 0.065071
replr: 0.010000
maxreplwgt: 155426
boun_cmin: 1
boun_cavg: 25.953368
boun_cmax: 67
boun_nmin: 1
boun_navg: 53.461140
boun_nmax: 138
boun_nnzmin: 1
boun_nnzavg: 76.772021
boun_nnzmax: 216
decom_cmin: 1
decom_cavg: 17.020725
decom_cmax: 53
decom_nmin: 1
decom_navg: 25.875648
decom_nmax: 112
decom_nnzmin: 1
decom_nnzavg: 29.948187
decom_nnzmax: 161
totreplwgt: 155408
minpartwgt: 58324
avgpartwgt: 61320.375000
maxpartwgt: 64664
fincut: 26669
finimbal: 0.054527
