inicut: 44304
iniimbal: 0.047039
replr: 0.010000
maxreplwgt: 275320
boun_cmin: 1
boun_cavg: 29.691729
boun_cmax: 109
boun_nmin: 1
boun_navg: 59.428571
boun_nmax: 182
boun_nnzmin: 1
boun_nnzavg: 85.781955
boun_nnzmax: 300
decom_cmin: 1
decom_cavg: 24.233083
decom_cmax: 62
decom_nmin: 1
decom_navg: 43.939850
decom_nmax: 126
decom_nnzmin: 1
decom_nnzavg: 58.684211
decom_nnzmax: 196
totreplwgt: 275320
minpartwgt: 207432
avgpartwgt: 217245.156250
maxpartwgt: 225212
fincut: 167
finimbal: 0.036672
