inicut: 45089
iniimbal: 0.070373
replr: 0.010000
maxreplwgt: 109974
boun_cmin: 1
boun_cavg: 27.645669
boun_cmax: 96
boun_nmin: 2
boun_navg: 58.566929
boun_nmax: 194
boun_nnzmin: 3
boun_nnzavg: 88.496063
boun_nnzmax: 353
decom_cmin: 1
decom_cavg: 17.944882
decom_cmax: 44
decom_nmin: 2
decom_navg: 28.629921
decom_nmax: 102
decom_nnzmin: 3
decom_nnzavg: 35.007874
decom_nnzmax: 143
totreplwgt: 109964
minpartwgt: 82416
avgpartwgt: 86776.812500
maxpartwgt: 91964
fincut: 14070
finimbal: 0.059776
