inicut: 66437
iniimbal: 0.385393
replr: 0.010000
maxreplwgt: 24657
boun_cmin: 1
boun_cavg: 18.299145
boun_cmax: 50
boun_nmin: 3
boun_navg: 41.435897
boun_nmax: 125
boun_nnzmin: 3
boun_nnzavg: 62.094017
boun_nnzmax: 210
decom_cmin: 1
decom_cavg: 18.299145
decom_cmax: 50
decom_nmin: 3
decom_navg: 20.376068
decom_nmax: 50
decom_nnzmin: 3
decom_nnzavg: 22.846154
decom_nnzmax: 56
totreplwgt: 24644
minpartwgt: 5476
avgpartwgt: 9728.187500
maxpartwgt: 13344
fincut: 49904
finimbal: 0.371684
