inicut: 66437
iniimbal: 0.385393
replr: 0.100000
maxreplwgt: 246577
boun_cmin: 1
boun_cavg: 13.612546
boun_cmax: 50
boun_nmin: 1
boun_navg: 30.608856
boun_nmax: 118
boun_nnzmin: 1
boun_nnzavg: 48.476015
boun_nnzmax: 208
decom_cmin: 1
decom_cavg: 8.878229
decom_cmax: 22
decom_nmin: 1
decom_navg: 16.940959
decom_nmax: 52
decom_nnzmin: 1
decom_nnzavg: 23.416974
decom_nnzmax: 85
totreplwgt: 246552
minpartwgt: 10280
avgpartwgt: 10595.015625
maxpartwgt: 13344
fincut: 0
finimbal: 0.259460
