inicut: 44470
iniimbal: 0.926828
replr: 0.010000
maxreplwgt: 12069
boun_cmin: 1
boun_cavg: 12.145038
boun_cmax: 31
boun_nmin: 1
boun_navg: 27.969466
boun_nmax: 87
boun_nnzmin: 1
boun_nnzavg: 36.992366
boun_nnzmax: 111
decom_cmin: 1
decom_cavg: 8.404580
decom_cmax: 14
decom_nmin: 1
decom_navg: 9.648855
decom_nmax: 41
decom_nnzmin: 1
decom_nnzavg: 6.824427
decom_nnzmax: 49
totreplwgt: 12060
minpartwgt: 0
avgpartwgt: 4761.593750
maxpartwgt: 9084
fincut: 40632
finimbal: 0.907765
