inicut: 50172
iniimbal: 0.052818
replr: 0.010000
maxreplwgt: 290684
boun_cmin: 1
boun_cavg: 32.128000
boun_cmax: 112
boun_nmin: 3
boun_navg: 63.456000
boun_nmax: 231
boun_nnzmin: 3
boun_nnzavg: 92.832000
boun_nnzmax: 385
decom_cmin: 1
decom_cavg: 27.672000
decom_cmax: 72
decom_nmin: 3
decom_navg: 49.856000
decom_nmax: 153
decom_nnzmin: 3
decom_nnzavg: 69.224000
decom_nnzmax: 235
totreplwgt: 290668
minpartwgt: 222764
avgpartwgt: 229368.093750
maxpartwgt: 239092
fincut: 0
finimbal: 0.042394
