inicut: 71904
iniimbal: 0.055314
replr: 0.010000
maxreplwgt: 275320
boun_cmin: 1
boun_cavg: 24.014134
boun_cmax: 95
boun_nmin: 2
boun_navg: 48.116608
boun_nmax: 181
boun_nnzmin: 2
boun_nnzavg: 70.621908
boun_nnzmax: 333
decom_cmin: 1
decom_cavg: 19.081272
decom_cmax: 63
decom_nmin: 2
decom_navg: 34.462898
decom_nmax: 140
decom_nnzmin: 2
decom_nnzavg: 46.183746
decom_nnzmax: 219
totreplwgt: 275296
minpartwgt: 104376
avgpartwgt: 108622.484375
maxpartwgt: 113496
fincut: 28
finimbal: 0.044867
