inicut: 20877
iniimbal: 0.067450
replr: 0.010000
maxreplwgt: 7568
boun_cmin: 6
boun_cavg: 17.230769
boun_cmax: 33
boun_nmin: 11
boun_navg: 39.884615
boun_nmax: 86
boun_nnzmin: 11
boun_nnzavg: 54.961538
boun_nnzmax: 128
decom_cmin: 6
decom_cavg: 12.826923
decom_cmax: 21
decom_nmin: 8
decom_navg: 15.826923
decom_nmax: 27
decom_nnzmin: 8
decom_nnzavg: 16.173077
decom_nnzmax: 29
totreplwgt: 7560
minpartwgt: 5696
avgpartwgt: 5972.218750
maxpartwgt: 6312
fincut: 17539
finimbal: 0.056894
