inicut: 45089
iniimbal: 0.070373
replr: 0.010000
maxreplwgt: 109974
boun_cmin: 1
boun_cavg: 27.281250
boun_cmax: 94
boun_nmin: 2
boun_navg: 58.164062
boun_nmax: 208
boun_nnzmin: 2
boun_nnzavg: 87.617188
boun_nnzmax: 345
decom_cmin: 1
decom_cavg: 17.859375
decom_cmax: 44
decom_nmin: 2
decom_navg: 29.218750
decom_nmax: 102
decom_nnzmin: 2
decom_nnzavg: 36.281250
decom_nnzmax: 143
totreplwgt: 109964
minpartwgt: 81788
avgpartwgt: 86776.812500
maxpartwgt: 91964
fincut: 13370
finimbal: 0.059776
