inicut: 39633
iniimbal: 0.041952
replr: 0.100000
maxreplwgt: 246577
boun_cmin: 1
boun_cavg: 16.394495
boun_cmax: 73
boun_nmin: 1
boun_navg: 36.073394
boun_nmax: 155
boun_nnzmin: 1
boun_nnzavg: 58.422018
boun_nnzmax: 278
decom_cmin: 1
decom_cavg: 13.990826
decom_cmax: 40
decom_nmin: 1
decom_navg: 27.981651
decom_nmax: 77
decom_nnzmin: 1
decom_nnzavg: 41.825688
decom_nnzmax: 127
totreplwgt: 244576
minpartwgt: 21164
avgpartwgt: 21174.593750
maxpartwgt: 21188
fincut: 214
finimbal: 0.000633
