inicut: 39633
iniimbal: 0.041952
replr: 0.010000
maxreplwgt: 24657
boun_cmin: 1
boun_cavg: 19.367816
boun_cmax: 73
boun_nmin: 1
boun_navg: 42.965517
boun_nmax: 155
boun_nnzmin: 1
boun_nnzavg: 65.436782
boun_nnzmax: 278
decom_cmin: 1
decom_cavg: 11.252874
decom_cmax: 15
decom_nmin: 1
decom_navg: 12.241379
decom_nmax: 35
decom_nnzmin: 1
decom_nnzavg: 8.850575
decom_nnzmax: 54
totreplwgt: 24652
minpartwgt: 18680
avgpartwgt: 19456.437500
maxpartwgt: 20072
fincut: 29342
finimbal: 0.031638
