inicut: 72240
iniimbal: 0.105523
replr: 0.010000
maxreplwgt: 109974
boun_cmin: 1
boun_cavg: 24.026042
boun_cmax: 89
boun_nmin: 2
boun_navg: 49.578125
boun_nmax: 195
boun_nnzmin: 2
boun_nnzavg: 75.156250
boun_nnzmax: 333
decom_cmin: 1
decom_cavg: 14.442708
decom_cmax: 31
decom_nmin: 2
decom_navg: 20.364583
decom_nmax: 70
decom_nnzmin: 2
decom_nnzavg: 21.927083
decom_nnzmax: 98
totreplwgt: 109960
minpartwgt: 37404
avgpartwgt: 43388.390625
maxpartwgt: 47492
fincut: 41026
finimbal: 0.094579
