inicut: 72240
iniimbal: 0.105523
replr: 0.100000
maxreplwgt: 1099746
boun_cmin: 1
boun_cavg: 20.615385
boun_cmax: 86
boun_nmin: 1
boun_navg: 44.598291
boun_nmax: 187
boun_nnzmin: 1
boun_nnzavg: 67.470085
boun_nnzmax: 325
decom_cmin: 1
decom_cavg: 18.683761
decom_cmax: 59
decom_nmin: 1
decom_navg: 38.965812
decom_nmax: 135
decom_nnzmin: 1
decom_nnzavg: 56.452991
decom_nnzmax: 211
totreplwgt: 1097480
minpartwgt: 47228
avgpartwgt: 47245.890625
maxpartwgt: 47492
fincut: 297
finimbal: 0.005209
