inicut: 35246
iniimbal: 0.045804
replr: 0.010000
maxreplwgt: 7568
boun_cmin: 1
boun_cavg: 9.163265
boun_cmax: 23
boun_nmin: 1
boun_navg: 21.040816
boun_nmax: 56
boun_nnzmin: 1
boun_nnzavg: 23.972789
boun_nnzmax: 70
decom_cmin: 1
decom_cavg: 6.612245
decom_cmax: 7
decom_nmin: 1
decom_navg: 6.768707
decom_nmax: 12
decom_nnzmin: 1
decom_nnzavg: 4.000000
decom_nnzmax: 15
totreplwgt: 7568
minpartwgt: 2876
avgpartwgt: 2986.140625
maxpartwgt: 3092
fincut: 33068
finimbal: 0.035450
