inicut: 44304
iniimbal: 0.047039
replr: 0.010000
maxreplwgt: 275320
boun_cmin: 1
boun_cavg: 29.759398
boun_cmax: 109
boun_nmin: 1
boun_navg: 59.857143
boun_nmax: 182
boun_nnzmin: 1
boun_nnzavg: 86.135338
boun_nnzmax: 290
decom_cmin: 1
decom_cavg: 24.458647
decom_cmax: 62
decom_nmin: 1
decom_navg: 44.849624
decom_nmax: 126
decom_nnzmin: 1
decom_nnzavg: 60.503759
decom_nnzmax: 196
totreplwgt: 275320
minpartwgt: 207432
avgpartwgt: 217245.156250
maxpartwgt: 225212
fincut: 123
finimbal: 0.036672
