inicut: 72240
iniimbal: 0.105523
replr: 0.010000
maxreplwgt: 109974
boun_cmin: 1
boun_cavg: 25.867052
boun_cmax: 89
boun_nmin: 2
boun_navg: 52.190751
boun_nmax: 195
boun_nnzmin: 2
boun_nnzavg: 82.300578
boun_nnzmax: 333
decom_cmin: 1
decom_cavg: 17.872832
decom_cmax: 51
decom_nmin: 2
decom_navg: 23.132948
decom_nmax: 100
decom_nnzmin: 2
decom_nnzavg: 28.300578
decom_nnzmax: 156
totreplwgt: 109948
minpartwgt: 37524
avgpartwgt: 43388.343750
maxpartwgt: 47492
fincut: 37589
finimbal: 0.094580
