inicut: 46231
iniimbal: 0.049589
replr: 0.010000
maxreplwgt: 155426
boun_cmin: 1
boun_cavg: 29.880597
boun_cmax: 67
boun_nmin: 4
boun_navg: 62.522388
boun_nmax: 156
boun_nnzmin: 4
boun_nnzavg: 89.537313
boun_nnzmax: 219
decom_cmin: 1
decom_cavg: 22.985075
decom_cmax: 56
decom_nmin: 4
decom_navg: 39.552239
decom_nmax: 119
decom_nnzmin: 4
decom_nnzavg: 51.492537
decom_nnzmax: 172
totreplwgt: 155408
minpartwgt: 115916
avgpartwgt: 122640.750000
maxpartwgt: 127448
fincut: 1784
finimbal: 0.039198
