inicut: 15993
iniimbal: 9.479740
replr: 0.010000
maxreplwgt: 23124
boun_cmin: 1
boun_cavg: 170.415730
boun_cmax: 850
boun_nmin: 1
boun_navg: 90.640449
boun_nmax: 517
boun_nnzmin: 1
boun_nnzavg: 263.685393
boun_nnzmax: 1375
decom_cmin: 1
decom_cavg: 52.674157
decom_cmax: 132
decom_nmin: 1
decom_navg: 49.033708
decom_nmax: 90
decom_nnzmin: 1
decom_nnzavg: 120.865169
decom_nnzmax: 1375
totreplwgt: 23124
minpartwgt: 12
avgpartwgt: 18247.039062
maxpartwgt: 189331
fincut: 14913
finimbal: 9.375985
