inicut: 20877
iniimbal: 0.067450
replr: 0.010000
maxreplwgt: 7568
boun_cmin: 2
boun_cavg: 18.591549
boun_cmax: 38
boun_nmin: 10
boun_navg: 43.830986
boun_nmax: 100
boun_nnzmin: 10
boun_nnzavg: 63.014085
boun_nnzmax: 165
decom_cmin: 2
decom_cavg: 11.690141
decom_cmax: 12
decom_nmin: 10
decom_navg: 12.070423
decom_nmax: 20
decom_nnzmin: 2
decom_nnzavg: 7.098592
decom_nnzmax: 20
totreplwgt: 7568
minpartwgt: 5696
avgpartwgt: 5972.281250
maxpartwgt: 6312
fincut: 18929
finimbal: 0.056883
