inicut: 92628
iniimbal: 0.156455
replr: 0.010000
maxreplwgt: 319369
boun_cmin: 1
boun_cavg: 25.038023
boun_cmax: 88
boun_nmin: 1
boun_navg: 48.422053
boun_nmax: 200
boun_nnzmin: 1
boun_nnzavg: 73.197719
boun_nnzmax: 326
decom_cmin: 1
decom_cavg: 25.038023
decom_cmax: 88
decom_nmin: 1
decom_navg: 39.570342
decom_nmax: 162
decom_nnzmin: 1
decom_nnzavg: 54.342205
decom_nnzmax: 277
totreplwgt: 319368
minpartwgt: 105492
avgpartwgt: 126001.203125
maxpartwgt: 144272
fincut: 0
finimbal: 0.145005
