inicut: 72240
iniimbal: 0.105523
replr: 0.010000
maxreplwgt: 109974
boun_cmin: 1
boun_cavg: 24.529412
boun_cmax: 89
boun_nmin: 2
boun_navg: 50.385027
boun_nmax: 195
boun_nnzmin: 2
boun_nnzavg: 76.946524
boun_nnzmax: 333
decom_cmin: 1
decom_cavg: 14.609626
decom_cmax: 30
decom_nmin: 2
decom_navg: 20.395722
decom_nmax: 68
decom_nnzmin: 1
decom_nnzavg: 22.117647
decom_nnzmax: 98
totreplwgt: 109960
minpartwgt: 37432
avgpartwgt: 43388.390625
maxpartwgt: 47492
fincut: 41255
finimbal: 0.094579
