inicut: 50172
iniimbal: 0.052818
replr: 0.010000
maxreplwgt: 290684
boun_cmin: 1
boun_cavg: 31.401575
boun_cmax: 99
boun_nmin: 2
boun_navg: 62.055118
boun_nmax: 211
boun_nnzmin: 4
boun_nnzavg: 90.669291
boun_nnzmax: 339
decom_cmin: 1
decom_cavg: 27.362205
decom_cmax: 79
decom_nmin: 2
decom_navg: 49.314961
decom_nmax: 150
decom_nnzmin: 4
decom_nnzavg: 68.322835
decom_nnzmax: 274
totreplwgt: 290676
minpartwgt: 222764
avgpartwgt: 229368.156250
maxpartwgt: 239092
fincut: 0
finimbal: 0.042394
