inicut: 50172
iniimbal: 0.052818
replr: 0.010000
maxreplwgt: 290684
boun_cmin: 2
boun_cavg: 32.241935
boun_cmax: 125
boun_nmin: 5
boun_navg: 63.733871
boun_nmax: 251
boun_nnzmin: 5
boun_nnzavg: 93.161290
boun_nnzmax: 426
decom_cmin: 2
decom_cavg: 27.943548
decom_cmax: 82
decom_nmin: 5
decom_navg: 50.443548
decom_nmax: 170
decom_nnzmin: 5
decom_nnzavg: 69.645161
decom_nnzmax: 285
totreplwgt: 290664
minpartwgt: 222764
avgpartwgt: 229368.062500
maxpartwgt: 239092
fincut: 0
finimbal: 0.042394
