inicut: 45089
iniimbal: 0.070373
replr: 0.010000
maxreplwgt: 109974
boun_cmin: 1
boun_cavg: 27.976190
boun_cmax: 94
boun_nmin: 2
boun_navg: 59.579365
boun_nmax: 208
boun_nnzmin: 3
boun_nnzavg: 89.746032
boun_nnzmax: 345
decom_cmin: 1
decom_cavg: 18.039683
decom_cmax: 44
decom_nmin: 2
decom_navg: 29.206349
decom_nmax: 102
decom_nnzmin: 3
decom_nnzavg: 35.682540
decom_nnzmax: 143
totreplwgt: 109960
minpartwgt: 81908
avgpartwgt: 86776.781250
maxpartwgt: 91964
fincut: 13722
finimbal: 0.059777
