inicut: 77832
iniimbal: 0.046072
replr: 0.010000
maxreplwgt: 290684
boun_cmin: 1
boun_cavg: 26.613240
boun_cmax: 101
boun_nmin: 2
boun_navg: 52.606272
boun_nmax: 228
boun_nnzmin: 2
boun_nnzavg: 77.578397
boun_nnzmax: 398
decom_cmin: 1
decom_cavg: 19.933798
decom_cmax: 65
decom_nmin: 2
decom_navg: 33.804878
decom_nmax: 131
decom_nnzmin: 2
decom_nnzavg: 44.414634
decom_nnzmax: 241
totreplwgt: 290680
minpartwgt: 109972
avgpartwgt: 114684.093750
maxpartwgt: 118780
fincut: 0
finimbal: 0.035715
