inicut: 15805
iniimbal: 0.045047
replr: 0.100000
maxreplwgt: 25280
boun_cmin: 1
boun_cavg: 10.898438
boun_cmax: 24
boun_nmin: 3
boun_navg: 28.015625
boun_nmax: 61
boun_nnzmin: 3
boun_nnzavg: 38.351562
boun_nnzmax: 99
decom_cmin: 1
decom_cavg: 6.898438
decom_cmax: 7
decom_nmin: 3
decom_navg: 7.148438
decom_nmax: 16
decom_nnzmin: 1
decom_nnzavg: 4.664062
decom_nnzmax: 19
totreplwgt: 23836
minpartwgt: 2148
avgpartwgt: 2161.250000
maxpartwgt: 2172
fincut: 9796
finimbal: 0.004974
