inicut: 59526
iniimbal: 0.061243
replr: 0.010000
maxreplwgt: 319369
boun_cmin: 1
boun_cavg: 32.145161
boun_cmax: 97
boun_nmin: 2
boun_navg: 61.709677
boun_nmax: 176
boun_nnzmin: 2
boun_nnzavg: 93.959677
boun_nnzmax: 313
decom_cmin: 1
decom_cavg: 25.685484
decom_cmax: 95
decom_nmin: 2
decom_navg: 45.556452
decom_nmax: 175
decom_nnzmin: 2
decom_nnzavg: 63.669355
decom_nnzmax: 284
totreplwgt: 319352
minpartwgt: 244328
avgpartwgt: 252002.281250
maxpartwgt: 264788
fincut: 20
finimbal: 0.050737
