inicut: 71645
iniimbal: 0.065071
replr: 0.010000
maxreplwgt: 155426
boun_cmin: 1
boun_cavg: 26.568421
boun_cmax: 65
boun_nmin: 3
boun_navg: 54.689474
boun_nmax: 138
boun_nnzmin: 3
boun_nnzavg: 78.584211
boun_nnzmax: 216
decom_cmin: 1
decom_cavg: 17.336842
decom_cmax: 54
decom_nmin: 3
decom_navg: 26.026316
decom_nmax: 103
decom_nnzmin: 3
decom_nnzavg: 30.189474
decom_nnzmax: 165
totreplwgt: 155420
minpartwgt: 58308
avgpartwgt: 61320.421875
maxpartwgt: 64664
fincut: 26703
finimbal: 0.054526
