inicut: 71645
iniimbal: 0.065071
replr: 0.100000
maxreplwgt: 1554260
boun_cmin: 1
boun_cavg: 23.672811
boun_cmax: 72
boun_nmin: 2
boun_navg: 46.755760
boun_nmax: 146
boun_nnzmin: 3
boun_nnzavg: 70.152074
boun_nnzmax: 249
decom_cmin: 1
decom_cavg: 23.603687
decom_cmax: 72
decom_nmin: 2
decom_navg: 46.414747
decom_nmax: 146
decom_nnzmin: 3
decom_nnzavg: 69.603687
decom_nnzmax: 249
totreplwgt: 1551036
minpartwgt: 66760
avgpartwgt: 66772.046875
maxpartwgt: 66784
fincut: 0
finimbal: 0.000179
