inicut: 46231
iniimbal: 0.049589
replr: 0.010000
maxreplwgt: 155426
boun_cmin: 1
boun_cavg: 29.627737
boun_cmax: 80
boun_nmin: 4
boun_navg: 62.248175
boun_nmax: 183
boun_nnzmin: 4
boun_nnzavg: 88.963504
boun_nnzmax: 266
decom_cmin: 1
decom_cavg: 22.708029
decom_cmax: 56
decom_nmin: 4
decom_navg: 39.240876
decom_nmax: 119
decom_nnzmin: 4
decom_nnzavg: 51.240876
decom_nnzmax: 172
totreplwgt: 155416
minpartwgt: 115944
avgpartwgt: 122640.812500
maxpartwgt: 127448
fincut: 1817
finimbal: 0.039197
