inicut: 72240
iniimbal: 0.105523
replr: 0.010000
maxreplwgt: 109974
boun_cmin: 1
boun_cavg: 24.159574
boun_cmax: 89
boun_nmin: 3
boun_navg: 49.686170
boun_nmax: 195
boun_nnzmin: 3
boun_nnzavg: 75.776596
boun_nnzmax: 333
decom_cmin: 1
decom_cavg: 14.494681
decom_cmax: 28
decom_nmin: 3
decom_navg: 20.255319
decom_nmax: 62
decom_nnzmin: 3
decom_nnzavg: 21.808511
decom_nnzmax: 98
totreplwgt: 109960
minpartwgt: 37432
avgpartwgt: 43388.390625
maxpartwgt: 47492
fincut: 41274
finimbal: 0.094579
