inicut: 24328
iniimbal: 0.081502
replr: 0.010000
maxreplwgt: 2528
boun_cmin: 1
boun_cavg: 5.445783
boun_cmax: 10
boun_nmin: 2
boun_navg: 14.566265
boun_nmax: 31
boun_nnzmin: 2
boun_nnzavg: 15.024096
boun_nnzmax: 31
decom_cmin: 1
decom_cavg: 3.843373
decom_cmax: 4
decom_nmin: 2
decom_navg: 3.891566
decom_nmax: 4
decom_nnzmin: 1
decom_nnzavg: 2.253012
decom_nnzmax: 5
totreplwgt: 2520
minpartwgt: 936
avgpartwgt: 997.359375
maxpartwgt: 1068
fincut: 23304
finimbal: 0.070828
