inicut: 20877
iniimbal: 0.067450
replr: 0.010000
maxreplwgt: 7568
boun_cmin: 8
boun_cavg: 22.135135
boun_cmax: 36
boun_nmin: 21
boun_navg: 53.162162
boun_nmax: 91
boun_nnzmin: 27
boun_nnzavg: 82.810811
boun_nnzmax: 162
decom_cmin: 8
decom_cavg: 13.891892
decom_cmax: 20
decom_nmin: 9
decom_navg: 14.243243
decom_nmax: 21
decom_nnzmin: 9
decom_nnzavg: 14.432432
decom_nnzmax: 27
totreplwgt: 7560
minpartwgt: 5828
avgpartwgt: 5972.218750
maxpartwgt: 6312
fincut: 17813
finimbal: 0.056894
