inicut: 92628
iniimbal: 0.156455
replr: 0.010000
maxreplwgt: 319369
boun_cmin: 1
boun_cavg: 25.733333
boun_cmax: 96
boun_nmin: 2
boun_navg: 49.551852
boun_nmax: 200
boun_nnzmin: 2
boun_nnzavg: 75.285185
boun_nnzmax: 342
decom_cmin: 1
decom_cavg: 20.344444
decom_cmax: 76
decom_nmin: 2
decom_navg: 35.029630
decom_nmax: 162
decom_nnzmin: 2
decom_nnzavg: 48.237037
decom_nnzmax: 277
totreplwgt: 319348
minpartwgt: 104948
avgpartwgt: 126001.125000
maxpartwgt: 144272
fincut: 0
finimbal: 0.145006
