inicut: 44470
iniimbal: 0.926828
replr: 0.010000
maxreplwgt: 12069
boun_cmin: 1
boun_cavg: 12.198113
boun_cmax: 31
boun_nmin: 3
boun_navg: 28.254717
boun_nmax: 87
boun_nnzmin: 3
boun_nnzavg: 37.433962
boun_nnzmax: 107
decom_cmin: 1
decom_cavg: 12.198113
decom_cmax: 31
decom_nmin: 3
decom_navg: 15.839623
decom_nmax: 31
decom_nnzmin: 3
decom_nnzavg: 17.518868
decom_nnzmax: 35
totreplwgt: 12060
minpartwgt: 0
avgpartwgt: 4761.593750
maxpartwgt: 9084
fincut: 38540
finimbal: 0.907765
