inicut: 50172
iniimbal: 0.052818
replr: 0.010000
maxreplwgt: 290684
boun_cmin: 2
boun_cavg: 31.748031
boun_cmax: 100
boun_nmin: 5
boun_navg: 62.614173
boun_nmax: 211
boun_nnzmin: 5
boun_nnzavg: 91.669291
boun_nnzmax: 344
decom_cmin: 2
decom_cavg: 27.370079
decom_cmax: 73
decom_nmin: 5
decom_navg: 49.275591
decom_nmax: 141
decom_nnzmin: 5
decom_nnzavg: 68.385827
decom_nnzmax: 235
totreplwgt: 290664
minpartwgt: 222764
avgpartwgt: 229368.062500
maxpartwgt: 239092
fincut: 0
finimbal: 0.042394
