inicut: 71904
iniimbal: 0.055314
replr: 0.010000
maxreplwgt: 275320
boun_cmin: 1
boun_cavg: 24.310714
boun_cmax: 97
boun_nmin: 2
boun_navg: 48.528571
boun_nmax: 189
boun_nnzmin: 2
boun_nnzavg: 71.367857
boun_nnzmax: 341
decom_cmin: 1
decom_cavg: 19.289286
decom_cmax: 62
decom_nmin: 2
decom_navg: 34.575000
decom_nmax: 139
decom_nnzmin: 2
decom_nnzavg: 46.353571
decom_nnzmax: 214
totreplwgt: 275316
minpartwgt: 104376
avgpartwgt: 108622.562500
maxpartwgt: 113496
fincut: 54
finimbal: 0.044866
