inicut: 44304
iniimbal: 0.047039
replr: 0.010000
maxreplwgt: 275320
boun_cmin: 1
boun_cavg: 28.934307
boun_cmax: 109
boun_nmin: 1
boun_navg: 58.233577
boun_nmax: 183
boun_nnzmin: 1
boun_nnzavg: 83.861314
boun_nnzmax: 291
decom_cmin: 1
decom_cavg: 23.693431
decom_cmax: 59
decom_nmin: 1
decom_navg: 43.291971
decom_nmax: 127
decom_nnzmin: 1
decom_nnzavg: 58.094891
decom_nnzmax: 176
totreplwgt: 275308
minpartwgt: 207432
avgpartwgt: 217245.062500
maxpartwgt: 225212
fincut: 123
finimbal: 0.036673
