inicut: 71645
iniimbal: 0.065071
replr: 0.010000
maxreplwgt: 155426
boun_cmin: 1
boun_cavg: 25.707692
boun_cmax: 69
boun_nmin: 2
boun_navg: 52.728205
boun_nmax: 131
boun_nnzmin: 2
boun_nnzavg: 76.087179
boun_nnzmax: 210
decom_cmin: 1
decom_cavg: 17.087179
decom_cmax: 54
decom_nmin: 2
decom_navg: 25.589744
decom_nmax: 106
decom_nnzmin: 2
decom_nnzavg: 29.620513
decom_nnzmax: 166
totreplwgt: 155408
minpartwgt: 58588
avgpartwgt: 61320.375000
maxpartwgt: 64664
fincut: 27162
finimbal: 0.054527
