inicut: 15993
iniimbal: 9.479740
replr: 0.010000
maxreplwgt: 23124
boun_cmin: 1
boun_cavg: 168.355556
boun_cmax: 850
boun_nmin: 1
boun_navg: 89.711111
boun_nmax: 518
boun_nnzmin: 1
boun_nnzavg: 260.311111
boun_nnzmax: 1375
decom_cmin: 1
decom_cavg: 52.088889
decom_cmax: 132
decom_nmin: 1
decom_navg: 48.655556
decom_nmax: 90
decom_nnzmin: 1
decom_nnzavg: 118.955556
decom_nnzmax: 1375
totreplwgt: 23124
minpartwgt: 11
avgpartwgt: 18247.039062
maxpartwgt: 189331
fincut: 14954
finimbal: 9.375985
