inicut: 72240
iniimbal: 0.105523
replr: 0.100000
maxreplwgt: 1099746
boun_cmin: 1
boun_cavg: 20.909483
boun_cmax: 86
boun_nmin: 1
boun_navg: 45.318966
boun_nmax: 187
boun_nnzmin: 1
boun_nnzavg: 68.728448
boun_nnzmax: 325
decom_cmin: 1
decom_cavg: 19.038793
decom_cmax: 63
decom_nmin: 1
decom_navg: 40.232759
decom_nmax: 135
decom_nnzmin: 1
decom_nnzavg: 59.025862
decom_nnzmax: 215
totreplwgt: 1096808
minpartwgt: 47228
avgpartwgt: 47243.265625
maxpartwgt: 47492
fincut: 229
finimbal: 0.005265
