inicut: 44470
iniimbal: 0.926828
replr: 0.100000
maxreplwgt: 120690
boun_cmin: 1
boun_cavg: 12.501340
boun_cmax: 44
boun_nmin: 1
boun_navg: 30.276139
boun_nmax: 103
boun_nnzmin: 1
boun_nnzavg: 46.278820
boun_nnzmax: 180
decom_cmin: 1
decom_cavg: 6.509383
decom_cmax: 20
decom_nmin: 1
decom_navg: 10.774799
decom_nmax: 56
decom_nnzmin: 1
decom_nnzavg: 12.699732
decom_nnzmax: 79
totreplwgt: 120676
minpartwgt: 28
avgpartwgt: 5185.875000
maxpartwgt: 9084
fincut: 5865
finimbal: 0.751681
