inicut: 35246
iniimbal: 0.045804
replr: 0.100000
maxreplwgt: 75688
boun_cmin: 4
boun_cavg: 17.054688
boun_cmax: 34
boun_nmin: 10
boun_navg: 40.699219
boun_nmax: 83
boun_nnzmin: 13
boun_nnzavg: 64.351562
boun_nnzmax: 147
decom_cmin: 4
decom_cavg: 8.871094
decom_cmax: 9
decom_nmin: 9
decom_navg: 9.191406
decom_nmax: 21
decom_nnzmin: 2
decom_nnzavg: 6.621094
decom_nnzmax: 24
totreplwgt: 72664
minpartwgt: 3228
avgpartwgt: 3240.421875
maxpartwgt: 3252
fincut: 22694
finimbal: 0.003573
