inicut: 20877
iniimbal: 0.067450
replr: 0.100000
maxreplwgt: 75688
boun_cmin: 2
boun_cavg: 18.184000
boun_cmax: 37
boun_nmin: 3
boun_navg: 44.432000
boun_nmax: 95
boun_nnzmin: 6
boun_nnzavg: 70.072000
boun_nnzmax: 161
decom_cmin: 2
decom_cavg: 9.472000
decom_cmax: 12
decom_nmin: 3
decom_navg: 11.320000
decom_nmax: 30
decom_nnzmin: 3
decom_nnzavg: 10.520000
decom_nnzmax: 39
totreplwgt: 74220
minpartwgt: 6480
avgpartwgt: 6493.000000
maxpartwgt: 6504
fincut: 6752
finimbal: 0.001694
