inicut: 71645
iniimbal: 0.065071
replr: 0.010000
maxreplwgt: 155426
boun_cmin: 1
boun_cavg: 26.759358
boun_cmax: 65
boun_nmin: 2
boun_navg: 54.855615
boun_nmax: 138
boun_nnzmin: 2
boun_nnzavg: 79.021390
boun_nnzmax: 216
decom_cmin: 1
decom_cavg: 17.721925
decom_cmax: 53
decom_nmin: 2
decom_navg: 26.679144
decom_nmax: 104
decom_nnzmin: 2
decom_nnzavg: 31.165775
decom_nnzmax: 164
totreplwgt: 155420
minpartwgt: 58352
avgpartwgt: 61320.421875
maxpartwgt: 64664
fincut: 26854
finimbal: 0.054526
