inicut: 44470
iniimbal: 0.926828
replr: 0.100000
maxreplwgt: 120690
boun_cmin: 1
boun_cavg: 13.100817
boun_cmax: 47
boun_nmin: 1
boun_navg: 31.498638
boun_nmax: 103
boun_nnzmin: 1
boun_nnzavg: 48.528610
boun_nnzmax: 207
decom_cmin: 1
decom_cavg: 6.831063
decom_cmax: 21
decom_nmin: 1
decom_navg: 11.204360
decom_nmax: 56
decom_nnzmin: 1
decom_nnzavg: 13.198910
decom_nnzmax: 90
totreplwgt: 120688
minpartwgt: 0
avgpartwgt: 5185.921875
maxpartwgt: 9084
fincut: 6416
finimbal: 0.751665
