inicut: 44304
iniimbal: 0.047039
replr: 0.010000
maxreplwgt: 275320
boun_cmin: 1
boun_cavg: 28.744526
boun_cmax: 109
boun_nmin: 1
boun_navg: 57.832117
boun_nmax: 178
boun_nnzmin: 1
boun_nnzavg: 83.065693
boun_nnzmax: 288
decom_cmin: 1
decom_cavg: 23.364964
decom_cmax: 58
decom_nmin: 1
decom_navg: 42.423358
decom_nmax: 125
decom_nnzmin: 1
decom_nnzavg: 56.321168
decom_nnzmax: 176
totreplwgt: 275304
minpartwgt: 207432
avgpartwgt: 217245.031250
maxpartwgt: 225212
fincut: 164
finimbal: 0.036673
