inicut: 39633
iniimbal: 0.041952
replr: 0.100000
maxreplwgt: 246577
boun_cmin: 1
boun_cavg: 15.669811
boun_cmax: 45
boun_nmin: 1
boun_navg: 36.943396
boun_nmax: 102
boun_nnzmin: 1
boun_nnzavg: 56.132075
boun_nnzmax: 169
decom_cmin: 1
decom_cavg: 13.462264
decom_cmax: 32
decom_nmin: 1
decom_navg: 30.075472
decom_nmax: 76
decom_nnzmin: 1
decom_nnzavg: 43.566038
decom_nnzmax: 117
totreplwgt: 244704
minpartwgt: 21164
avgpartwgt: 21175.593750
maxpartwgt: 21188
fincut: 192
finimbal: 0.000586
