inicut: 72240
iniimbal: 0.105523
replr: 0.100000
maxreplwgt: 1099746
boun_cmin: 1
boun_cavg: 20.651064
boun_cmax: 86
boun_nmin: 1
boun_navg: 44.706383
boun_nmax: 187
boun_nnzmin: 1
boun_nnzavg: 67.782979
boun_nnzmax: 325
decom_cmin: 1
decom_cavg: 18.923404
decom_cmax: 60
decom_nmin: 1
decom_navg: 39.719149
decom_nmax: 135
decom_nnzmin: 1
decom_nnzavg: 57.910638
decom_nnzmax: 211
totreplwgt: 1097100
minpartwgt: 47228
avgpartwgt: 47244.406250
maxpartwgt: 47492
fincut: 201
finimbal: 0.005241
