inicut: 72240
iniimbal: 0.105523
replr: 0.010000
maxreplwgt: 109974
boun_cmin: 1
boun_cavg: 24.168421
boun_cmax: 89
boun_nmin: 3
boun_navg: 49.768421
boun_nmax: 195
boun_nnzmin: 3
boun_nnzavg: 75.784211
boun_nnzmax: 333
decom_cmin: 1
decom_cavg: 14.552632
decom_cmax: 30
decom_nmin: 3
decom_navg: 20.457895
decom_nmax: 66
decom_nnzmin: 3
decom_nnzavg: 22.357895
decom_nnzmax: 98
totreplwgt: 109968
minpartwgt: 37404
avgpartwgt: 43388.421875
maxpartwgt: 47492
fincut: 41441
finimbal: 0.094578
