inicut: 59526
iniimbal: 0.061243
replr: 0.010000
maxreplwgt: 319369
boun_cmin: 1
boun_cavg: 32.024194
boun_cmax: 104
boun_nmin: 2
boun_navg: 61.338710
boun_nmax: 185
boun_nnzmin: 2
boun_nnzavg: 93.500000
boun_nnzmax: 309
decom_cmin: 1
decom_cavg: 25.064516
decom_cmax: 75
decom_nmin: 2
decom_navg: 44.072581
decom_nmax: 145
decom_nnzmin: 2
decom_nnzavg: 61.612903
decom_nnzmax: 220
totreplwgt: 319344
minpartwgt: 244328
avgpartwgt: 252002.218750
maxpartwgt: 264788
fincut: 0
finimbal: 0.050737
