inicut: 59526
iniimbal: 0.061243
replr: 0.010000
maxreplwgt: 319369
boun_cmin: 1
boun_cavg: 31.811024
boun_cmax: 104
boun_nmin: 2
boun_navg: 60.826772
boun_nmax: 186
boun_nnzmin: 2
boun_nnzavg: 92.858268
boun_nnzmax: 332
decom_cmin: 1
decom_cavg: 25.015748
decom_cmax: 75
decom_nmin: 2
decom_navg: 43.952756
decom_nmax: 145
decom_nnzmin: 2
decom_nnzavg: 61.629921
decom_nnzmax: 220
totreplwgt: 319344
minpartwgt: 244328
avgpartwgt: 252002.218750
maxpartwgt: 264788
fincut: 0
finimbal: 0.050737
