inicut: 45089
iniimbal: 0.070373
replr: 0.010000
maxreplwgt: 109974
boun_cmin: 1
boun_cavg: 27.248062
boun_cmax: 92
boun_nmin: 2
boun_navg: 58.108527
boun_nmax: 203
boun_nnzmin: 3
boun_nnzavg: 87.395349
boun_nnzmax: 334
decom_cmin: 1
decom_cavg: 18.170543
decom_cmax: 48
decom_nmin: 2
decom_navg: 30.248062
decom_nmax: 122
decom_nnzmin: 3
decom_nnzavg: 37.379845
decom_nnzmax: 165
totreplwgt: 109968
minpartwgt: 81892
avgpartwgt: 86776.843750
maxpartwgt: 91964
fincut: 13408
finimbal: 0.059776
