inicut: 71645
iniimbal: 0.065071
replr: 0.010000
maxreplwgt: 155426
boun_cmin: 1
boun_cavg: 25.973958
boun_cmax: 65
boun_nmin: 2
boun_navg: 53.427083
boun_nmax: 131
boun_nnzmin: 2
boun_nnzavg: 76.838542
boun_nnzmax: 210
decom_cmin: 1
decom_cavg: 17.197917
decom_cmax: 58
decom_nmin: 2
decom_navg: 25.750000
decom_nmax: 111
decom_nnzmin: 2
decom_nnzavg: 29.916667
decom_nnzmax: 176
totreplwgt: 155424
minpartwgt: 58588
avgpartwgt: 61320.437500
maxpartwgt: 64664
fincut: 27084
finimbal: 0.054526
