inicut: 46231
iniimbal: 0.049589
replr: 0.010000
maxreplwgt: 155426
boun_cmin: 1
boun_cavg: 30.544643
boun_cmax: 76
boun_nmin: 2
boun_navg: 57.125000
boun_nmax: 134
boun_nnzmin: 2
boun_nnzavg: 92.294643
boun_nnzmax: 247
decom_cmin: 1
decom_cavg: 26.866071
decom_cmax: 76
decom_nmin: 2
decom_navg: 44.482143
decom_nmax: 134
decom_nnzmin: 2
decom_nnzavg: 68.785714
decom_nnzmax: 247
totreplwgt: 155424
minpartwgt: 118036
avgpartwgt: 122640.875000
maxpartwgt: 127448
fincut: 7401
finimbal: 0.039197
