inicut: 77832
iniimbal: 0.046072
replr: 0.010000
maxreplwgt: 290684
boun_cmin: 1
boun_cavg: 26.014440
boun_cmax: 99
boun_nmin: 2
boun_navg: 51.747292
boun_nmax: 225
boun_nnzmin: 2
boun_nnzavg: 75.898917
boun_nnzmax: 392
decom_cmin: 1
decom_cavg: 21.628159
decom_cmax: 66
decom_nmin: 2
decom_navg: 35.162455
decom_nmax: 135
decom_nnzmin: 2
decom_nnzavg: 46.328520
decom_nnzmax: 247
totreplwgt: 290676
minpartwgt: 110700
avgpartwgt: 114684.078125
maxpartwgt: 118780
fincut: 0
finimbal: 0.035715
