inicut: 20877
iniimbal: 0.067450
replr: 0.010000
maxreplwgt: 7568
boun_cmin: 2
boun_cavg: 18.260274
boun_cmax: 37
boun_nmin: 5
boun_navg: 43.027397
boun_nmax: 100
boun_nnzmin: 5
boun_nnzavg: 61.630137
boun_nnzmax: 160
decom_cmin: 2
decom_cavg: 11.493151
decom_cmax: 12
decom_nmin: 5
decom_navg: 12.123288
decom_nmax: 23
decom_nnzmin: 2
decom_nnzavg: 7.410959
decom_nnzmax: 26
totreplwgt: 7552
minpartwgt: 5608
avgpartwgt: 5972.156250
maxpartwgt: 6312
fincut: 18825
finimbal: 0.056905
