inicut: 15993
iniimbal: 9.479740
replr: 0.010000
maxreplwgt: 23124
boun_cmin: 1
boun_cavg: 167.417582
boun_cmax: 850
boun_nmin: 1
boun_navg: 88.901099
boun_nmax: 518
boun_nnzmin: 1
boun_nnzavg: 258.571429
boun_nnzmax: 1375
decom_cmin: 1
decom_cavg: 51.747253
decom_cmax: 132
decom_nmin: 1
decom_navg: 47.901099
decom_nmax: 90
decom_nnzmin: 1
decom_nnzavg: 118.802198
decom_nnzmax: 1375
totreplwgt: 23124
minpartwgt: 11
avgpartwgt: 18247.039062
maxpartwgt: 189331
fincut: 14971
finimbal: 9.375985
