inicut: 66437
iniimbal: 0.385393
replr: 0.010000
maxreplwgt: 24657
boun_cmin: 4
boun_cavg: 23.759494
boun_cmax: 50
boun_nmin: 10
boun_navg: 51.886076
boun_nmax: 125
boun_nnzmin: 13
boun_nnzavg: 86.683544
boun_nnzmax: 210
decom_cmin: 4
decom_cavg: 13.822785
decom_cmax: 28
decom_nmin: 4
decom_navg: 14.607595
decom_nmax: 28
decom_nnzmin: 4
decom_nnzavg: 15.063291
decom_nnzmax: 28
totreplwgt: 24640
minpartwgt: 5476
avgpartwgt: 9728.171875
maxpartwgt: 13344
fincut: 51791
finimbal: 0.371686
