inicut: 71904
iniimbal: 0.055314
replr: 0.010000
maxreplwgt: 275320
boun_cmin: 1
boun_cavg: 24.364286
boun_cmax: 93
boun_nmin: 2
boun_navg: 48.732143
boun_nmax: 182
boun_nnzmin: 2
boun_nnzavg: 71.682143
boun_nnzmax: 328
decom_cmin: 1
decom_cavg: 19.182143
decom_cmax: 58
decom_nmin: 2
decom_navg: 34.403571
decom_nmax: 121
decom_nnzmin: 2
decom_nnzavg: 45.982143
decom_nnzmax: 190
totreplwgt: 275304
minpartwgt: 104376
avgpartwgt: 108622.515625
maxpartwgt: 113496
fincut: 55
finimbal: 0.044866
