inicut: 59526
iniimbal: 0.061243
replr: 0.010000
maxreplwgt: 319369
boun_cmin: 1
boun_cavg: 31.362205
boun_cmax: 95
boun_nmin: 2
boun_navg: 60.031496
boun_nmax: 175
boun_nnzmin: 2
boun_nnzavg: 91.826772
boun_nnzmax: 320
decom_cmin: 1
decom_cavg: 24.968504
decom_cmax: 95
decom_nmin: 2
decom_navg: 43.874016
decom_nmax: 175
decom_nnzmin: 2
decom_nnzavg: 61.220472
decom_nnzmax: 284
totreplwgt: 319368
minpartwgt: 244328
avgpartwgt: 252002.406250
maxpartwgt: 264788
fincut: 0
finimbal: 0.050736
