inicut: 50172
iniimbal: 0.052818
replr: 0.010000
maxreplwgt: 290684
boun_cmin: 2
boun_cavg: 30.992248
boun_cmax: 116
boun_nmin: 2
boun_navg: 61.186047
boun_nmax: 236
boun_nnzmin: 4
boun_nnzavg: 89.457364
boun_nnzmax: 402
decom_cmin: 2
decom_cavg: 26.868217
decom_cmax: 69
decom_nmin: 2
decom_navg: 48.441860
decom_nmax: 145
decom_nnzmin: 4
decom_nnzavg: 66.976744
decom_nnzmax: 237
totreplwgt: 290668
minpartwgt: 222764
avgpartwgt: 229368.093750
maxpartwgt: 239092
fincut: 0
finimbal: 0.042394
