inicut: 44304
iniimbal: 0.047039
replr: 0.010000
maxreplwgt: 275320
boun_cmin: 1
boun_cavg: 29.261194
boun_cmax: 109
boun_nmin: 1
boun_navg: 58.828358
boun_nmax: 179
boun_nnzmin: 1
boun_nnzavg: 84.529851
boun_nnzmax: 287
decom_cmin: 1
decom_cavg: 24.111940
decom_cmax: 62
decom_nmin: 1
decom_navg: 44.208955
decom_nmax: 126
decom_nnzmin: 1
decom_nnzavg: 59.470149
decom_nnzmax: 196
totreplwgt: 275304
minpartwgt: 207432
avgpartwgt: 217245.031250
maxpartwgt: 225212
fincut: 123
finimbal: 0.036673
