inicut: 92628
iniimbal: 0.156455
replr: 0.100000
maxreplwgt: 3193694
boun_cmin: 1
boun_cavg: 26.305164
boun_cmax: 110
boun_nmin: 1
boun_navg: 47.877934
boun_nmax: 192
boun_nnzmin: 1
boun_nnzavg: 76.046948
boun_nnzmax: 384
decom_cmin: 1
decom_cavg: 26.305164
decom_cmax: 110
decom_nmin: 1
decom_navg: 47.877934
decom_nmax: 192
decom_nnzmin: 1
decom_nnzavg: 76.046948
decom_nnzmax: 384
totreplwgt: 3193680
minpartwgt: 132612
avgpartwgt: 137228.984375
maxpartwgt: 144272
fincut: 0
finimbal: 0.051323
