inicut: 44304
iniimbal: 0.047039
replr: 0.010000
maxreplwgt: 275320
boun_cmin: 1
boun_cavg: 28.897059
boun_cmax: 109
boun_nmin: 1
boun_navg: 57.985294
boun_nmax: 178
boun_nnzmin: 1
boun_nnzavg: 83.544118
boun_nnzmax: 287
decom_cmin: 1
decom_cavg: 23.845588
decom_cmax: 58
decom_nmin: 1
decom_navg: 43.573529
decom_nmax: 125
decom_nnzmin: 1
decom_nnzavg: 58.485294
decom_nnzmax: 176
totreplwgt: 275320
minpartwgt: 207432
avgpartwgt: 217245.156250
maxpartwgt: 225212
fincut: 123
finimbal: 0.036672
