inicut: 44304
iniimbal: 0.047039
replr: 0.010000
maxreplwgt: 275320
boun_cmin: 1
boun_cavg: 31.604651
boun_cmax: 109
boun_nmin: 2
boun_navg: 59.116279
boun_nmax: 204
boun_nnzmin: 3
boun_nnzavg: 91.635659
boun_nnzmax: 336
decom_cmin: 1
decom_cavg: 27.922481
decom_cmax: 68
decom_nmin: 2
decom_navg: 46.356589
decom_nmax: 132
decom_nnzmin: 3
decom_nnzavg: 68.193798
decom_nnzmax: 199
totreplwgt: 275308
minpartwgt: 205468
avgpartwgt: 217245.062500
maxpartwgt: 225212
fincut: 123
finimbal: 0.036673
