inicut: 45089
iniimbal: 0.070373
replr: 0.010000
maxreplwgt: 109974
boun_cmin: 1
boun_cavg: 26.492424
boun_cmax: 94
boun_nmin: 2
boun_navg: 56.446970
boun_nmax: 208
boun_nnzmin: 2
boun_nnzavg: 84.931818
boun_nnzmax: 345
decom_cmin: 1
decom_cavg: 17.446970
decom_cmax: 44
decom_nmin: 2
decom_navg: 28.287879
decom_nmax: 102
decom_nnzmin: 2
decom_nnzavg: 34.954545
decom_nnzmax: 143
totreplwgt: 109960
minpartwgt: 81816
avgpartwgt: 86776.781250
maxpartwgt: 91964
fincut: 13602
finimbal: 0.059777
