inicut: 72240
iniimbal: 0.105523
replr: 0.010000
maxreplwgt: 109974
boun_cmin: 1
boun_cavg: 24.098958
boun_cmax: 89
boun_nmin: 3
boun_navg: 49.635417
boun_nmax: 195
boun_nnzmin: 3
boun_nnzavg: 75.567708
boun_nnzmax: 333
decom_cmin: 1
decom_cavg: 14.619792
decom_cmax: 32
decom_nmin: 3
decom_navg: 20.541667
decom_nmax: 72
decom_nnzmin: 3
decom_nnzavg: 22.354167
decom_nnzmax: 98
totreplwgt: 109956
minpartwgt: 37404
avgpartwgt: 43388.375000
maxpartwgt: 47492
fincut: 40929
finimbal: 0.094579
