inicut: 71645
iniimbal: 0.065071
replr: 0.010000
maxreplwgt: 155426
boun_cmin: 1
boun_cavg: 27.026738
boun_cmax: 69
boun_nmin: 1
boun_navg: 55.299465
boun_nmax: 131
boun_nnzmin: 1
boun_nnzavg: 79.919786
boun_nnzmax: 210
decom_cmin: 1
decom_cavg: 17.684492
decom_cmax: 53
decom_nmin: 1
decom_navg: 26.074866
decom_nmax: 103
decom_nnzmin: 1
decom_nnzavg: 30.245989
decom_nnzmax: 162
totreplwgt: 155424
minpartwgt: 58588
avgpartwgt: 61320.437500
maxpartwgt: 64664
fincut: 27577
finimbal: 0.054526
