inicut: 50172
iniimbal: 0.052818
replr: 0.010000
maxreplwgt: 290684
boun_cmin: 1
boun_cavg: 32.096000
boun_cmax: 110
boun_nmin: 3
boun_navg: 63.264000
boun_nmax: 224
boun_nnzmin: 3
boun_nnzavg: 92.936000
boun_nnzmax: 379
decom_cmin: 1
decom_cavg: 27.768000
decom_cmax: 72
decom_nmin: 3
decom_navg: 49.944000
decom_nmax: 153
decom_nnzmin: 3
decom_nnzavg: 69.360000
decom_nnzmax: 235
totreplwgt: 290664
minpartwgt: 222756
avgpartwgt: 229368.062500
maxpartwgt: 239092
fincut: 0
finimbal: 0.042394
