inicut: 20877
iniimbal: 0.067450
replr: 0.010000
maxreplwgt: 7568
boun_cmin: 1
boun_cavg: 18.175676
boun_cmax: 38
boun_nmin: 3
boun_navg: 43.040541
boun_nmax: 100
boun_nnzmin: 3
boun_nnzavg: 61.648649
boun_nnzmax: 165
decom_cmin: 1
decom_cavg: 11.486486
decom_cmax: 12
decom_nmin: 3
decom_navg: 12.094595
decom_nmax: 23
decom_nnzmin: 2
decom_nnzavg: 7.432432
decom_nnzmax: 26
totreplwgt: 7556
minpartwgt: 5660
avgpartwgt: 5972.187500
maxpartwgt: 6312
fincut: 18579
finimbal: 0.056899
