inicut: 66437
iniimbal: 0.385393
replr: 0.010000
maxreplwgt: 24657
boun_cmin: 2
boun_cavg: 21.191083
boun_cmax: 52
boun_nmin: 4
boun_navg: 46.235669
boun_nmax: 125
boun_nnzmin: 4
boun_nnzavg: 74.095541
boun_nnzmax: 232
decom_cmin: 2
decom_cavg: 11.515924
decom_cmax: 12
decom_nmin: 4
decom_navg: 12.140127
decom_nmax: 30
decom_nnzmin: 2
decom_nnzavg: 8.095541
decom_nnzmax: 36
totreplwgt: 24648
minpartwgt: 5476
avgpartwgt: 9728.203125
maxpartwgt: 13344
fincut: 56382
finimbal: 0.371682
