inicut: 35246
iniimbal: 0.045804
replr: 0.100000
maxreplwgt: 75688
boun_cmin: 2
boun_cavg: 14.824219
boun_cmax: 34
boun_nmin: 4
boun_navg: 35.816406
boun_nmax: 87
boun_nnzmin: 4
boun_nnzavg: 56.250000
boun_nnzmax: 147
decom_cmin: 2
decom_cavg: 9.335938
decom_cmax: 18
decom_nmin: 3
decom_navg: 11.003906
decom_nmax: 22
decom_nnzmin: 3
decom_nnzavg: 11.832031
decom_nnzmax: 29
totreplwgt: 72968
minpartwgt: 3228
avgpartwgt: 3241.609375
maxpartwgt: 3252
fincut: 9880
finimbal: 0.003205
