inicut: 77832
iniimbal: 0.046072
replr: 0.010000
maxreplwgt: 290684
boun_cmin: 1
boun_cavg: 26.940767
boun_cmax: 101
boun_nmin: 2
boun_navg: 52.993031
boun_nmax: 228
boun_nnzmin: 2
boun_nnzavg: 78.547038
boun_nnzmax: 398
decom_cmin: 1
decom_cavg: 20.013937
decom_cmax: 66
decom_nmin: 2
decom_navg: 33.536585
decom_nmax: 131
decom_nnzmin: 2
decom_nnzavg: 44.163763
decom_nnzmax: 220
totreplwgt: 290664
minpartwgt: 108152
avgpartwgt: 114684.031250
maxpartwgt: 118780
fincut: 0
finimbal: 0.035715
