inicut: 71645
iniimbal: 0.065071
replr: 0.010000
maxreplwgt: 155426
boun_cmin: 1
boun_cavg: 26.608466
boun_cmax: 69
boun_nmin: 2
boun_navg: 54.486772
boun_nmax: 133
boun_nnzmin: 2
boun_nnzavg: 78.730159
boun_nnzmax: 215
decom_cmin: 1
decom_cavg: 17.417989
decom_cmax: 44
decom_nmin: 2
decom_navg: 25.719577
decom_nmax: 89
decom_nnzmin: 2
decom_nnzavg: 29.481481
decom_nnzmax: 133
totreplwgt: 155400
minpartwgt: 58632
avgpartwgt: 61320.343750
maxpartwgt: 64664
fincut: 27226
finimbal: 0.054528
