inicut: 71645
iniimbal: 0.065071
replr: 0.100000
maxreplwgt: 1554260
boun_cmin: 1
boun_cavg: 24.280374
boun_cmax: 69
boun_nmin: 2
boun_navg: 47.397196
boun_nmax: 131
boun_nnzmin: 2
boun_nnzavg: 71.635514
boun_nnzmax: 210
decom_cmin: 1
decom_cavg: 24.098131
decom_cmax: 69
decom_nmin: 2
decom_navg: 46.803738
decom_nmax: 131
decom_nnzmin: 2
decom_nnzavg: 70.551402
decom_nnzmax: 210
totreplwgt: 1550964
minpartwgt: 66760
avgpartwgt: 66771.765625
maxpartwgt: 66784
fincut: 0
finimbal: 0.000183
