inicut: 77832
iniimbal: 0.046072
replr: 0.010000
maxreplwgt: 290684
boun_cmin: 1
boun_cavg: 26.765734
boun_cmax: 99
boun_nmin: 2
boun_navg: 52.793706
boun_nmax: 224
boun_nnzmin: 2
boun_nnzavg: 77.968531
boun_nnzmax: 390
decom_cmin: 1
decom_cavg: 19.860140
decom_cmax: 58
decom_nmin: 2
decom_navg: 33.444056
decom_nmax: 125
decom_nnzmin: 2
decom_nnzavg: 43.933566
decom_nnzmax: 233
totreplwgt: 290660
minpartwgt: 109988
avgpartwgt: 114684.015625
maxpartwgt: 118780
fincut: 0
finimbal: 0.035715
