inicut: 20877
iniimbal: 0.067450
replr: 0.100000
maxreplwgt: 75688
boun_cmin: 2
boun_cavg: 17.603175
boun_cmax: 36
boun_nmin: 3
boun_navg: 43.007937
boun_nmax: 85
boun_nnzmin: 6
boun_nnzavg: 67.325397
boun_nnzmax: 156
decom_cmin: 2
decom_cavg: 9.531746
decom_cmax: 14
decom_nmin: 3
decom_navg: 11.650794
decom_nmax: 34
decom_nnzmin: 3
decom_nnzavg: 10.785714
decom_nnzmax: 46
totreplwgt: 74136
minpartwgt: 6480
avgpartwgt: 6492.343750
maxpartwgt: 6504
fincut: 6532
finimbal: 0.001795
