inicut: 92628
iniimbal: 0.156455
replr: 0.010000
maxreplwgt: 319369
boun_cmin: 1
boun_cavg: 25.781481
boun_cmax: 90
boun_nmin: 2
boun_navg: 49.722222
boun_nmax: 200
boun_nnzmin: 3
boun_nnzavg: 75.685185
boun_nnzmax: 326
decom_cmin: 1
decom_cavg: 20.218519
decom_cmax: 76
decom_nmin: 2
decom_navg: 34.825926
decom_nmax: 162
decom_nnzmin: 3
decom_nnzavg: 48.007407
decom_nnzmax: 277
totreplwgt: 319368
minpartwgt: 104948
avgpartwgt: 126001.203125
maxpartwgt: 144272
fincut: 0
finimbal: 0.145005
