inicut: 50172
iniimbal: 0.052818
replr: 0.010000
maxreplwgt: 290684
boun_cmin: 1
boun_cavg: 32.063492
boun_cmax: 113
boun_nmin: 5
boun_navg: 63.373016
boun_nmax: 232
boun_nnzmin: 5
boun_nnzavg: 92.690476
boun_nnzmax: 386
decom_cmin: 1
decom_cavg: 27.769841
decom_cmax: 89
decom_nmin: 5
decom_navg: 50.119048
decom_nmax: 173
decom_nnzmin: 5
decom_nnzavg: 69.563492
decom_nnzmax: 302
totreplwgt: 290668
minpartwgt: 222764
avgpartwgt: 229368.093750
maxpartwgt: 239092
fincut: 0
finimbal: 0.042394
