inicut: 50172
iniimbal: 0.052818
replr: 0.010000
maxreplwgt: 290684
boun_cmin: 2
boun_cavg: 31.460938
boun_cmax: 100
boun_nmin: 5
boun_navg: 62.015625
boun_nmax: 211
boun_nnzmin: 5
boun_nnzavg: 90.804688
boun_nnzmax: 350
decom_cmin: 2
decom_cavg: 27.140625
decom_cmax: 76
decom_nmin: 5
decom_navg: 48.859375
decom_nmax: 152
decom_nnzmin: 5
decom_nnzavg: 67.617188
decom_nnzmax: 259
totreplwgt: 290664
minpartwgt: 222764
avgpartwgt: 229368.062500
maxpartwgt: 239092
fincut: 0
finimbal: 0.042394
