inicut: 44470
iniimbal: 0.926828
replr: 0.100000
maxreplwgt: 120690
boun_cmin: 1
boun_cavg: 12.544236
boun_cmax: 47
boun_nmin: 1
boun_navg: 30.436997
boun_nmax: 103
boun_nnzmin: 1
boun_nnzavg: 46.616622
boun_nnzmax: 207
decom_cmin: 1
decom_cavg: 6.565684
decom_cmax: 30
decom_nmin: 1
decom_navg: 10.769437
decom_nmax: 82
decom_nnzmin: 1
decom_nnzavg: 12.670241
decom_nnzmax: 129
totreplwgt: 120684
minpartwgt: 0
avgpartwgt: 5185.906250
maxpartwgt: 9084
fincut: 5785
finimbal: 0.751671
