inicut: 46231
iniimbal: 0.049589
replr: 0.010000
maxreplwgt: 155426
boun_cmin: 1
boun_cavg: 32.145299
boun_cmax: 93
boun_nmin: 2
boun_navg: 63.743590
boun_nmax: 166
boun_nnzmin: 2
boun_nnzavg: 96.897436
boun_nnzmax: 294
decom_cmin: 1
decom_cavg: 27.299145
decom_cmax: 72
decom_nmin: 2
decom_navg: 44.760684
decom_nmax: 131
decom_nnzmin: 2
decom_nnzavg: 63.641026
decom_nnzmax: 217
totreplwgt: 155420
minpartwgt: 116352
avgpartwgt: 122640.843750
maxpartwgt: 127448
fincut: 3112
finimbal: 0.039197
