inicut: 39633
iniimbal: 0.041952
replr: 0.100000
maxreplwgt: 246577
boun_cmin: 1
boun_cavg: 15.710280
boun_cmax: 48
boun_nmin: 1
boun_navg: 36.878505
boun_nmax: 105
boun_nnzmin: 1
boun_nnzavg: 56.289720
boun_nnzmax: 181
decom_cmin: 1
decom_cavg: 13.476636
decom_cmax: 32
decom_nmin: 1
decom_navg: 30.009346
decom_nmax: 76
decom_nnzmin: 1
decom_nnzavg: 43.700935
decom_nnzmax: 117
totreplwgt: 244732
minpartwgt: 21164
avgpartwgt: 21175.812500
maxpartwgt: 21188
fincut: 123
finimbal: 0.000576
