inicut: 59526
iniimbal: 0.061243
replr: 0.010000
maxreplwgt: 319369
boun_cmin: 1
boun_cavg: 31.464567
boun_cmax: 104
boun_nmin: 2
boun_navg: 59.858268
boun_nmax: 185
boun_nnzmin: 2
boun_nnzavg: 91.661417
boun_nnzmax: 305
decom_cmin: 1
decom_cavg: 24.732283
decom_cmax: 75
decom_nmin: 2
decom_navg: 43.118110
decom_nmax: 145
decom_nnzmin: 2
decom_nnzavg: 60.511811
decom_nnzmax: 220
totreplwgt: 319356
minpartwgt: 244328
avgpartwgt: 252002.312500
maxpartwgt: 264788
fincut: 0
finimbal: 0.050736
