inicut: 66437
iniimbal: 0.385393
replr: 0.100000
maxreplwgt: 246577
boun_cmin: 1
boun_cavg: 13.154412
boun_cmax: 50
boun_nmin: 1
boun_navg: 29.621324
boun_nmax: 100
boun_nnzmin: 1
boun_nnzavg: 46.683824
boun_nnzmax: 180
decom_cmin: 1
decom_cavg: 8.687500
decom_cmax: 22
decom_nmin: 1
decom_navg: 16.643382
decom_nmax: 54
decom_nnzmin: 1
decom_nnzavg: 22.672794
decom_nnzmax: 85
totreplwgt: 246556
minpartwgt: 10276
avgpartwgt: 10595.031250
maxpartwgt: 13344
fincut: 0
finimbal: 0.259458
