inicut: 44470
iniimbal: 0.926828
replr: 0.100000
maxreplwgt: 120690
boun_cmin: 1
boun_cavg: 12.810298
boun_cmax: 47
boun_nmin: 2
boun_navg: 30.905149
boun_nmax: 103
boun_nnzmin: 2
boun_nnzavg: 47.514905
boun_nnzmax: 207
decom_cmin: 1
decom_cavg: 6.655827
decom_cmax: 20
decom_nmin: 2
decom_navg: 10.910569
decom_nmax: 56
decom_nnzmin: 2
decom_nnzavg: 12.929539
decom_nnzmax: 77
totreplwgt: 120688
minpartwgt: 28
avgpartwgt: 5185.921875
maxpartwgt: 9084
fincut: 6405
finimbal: 0.751665
