inicut: 35246
iniimbal: 0.045804
replr: 0.100000
maxreplwgt: 75688
boun_cmin: 4
boun_cavg: 16.800781
boun_cmax: 34
boun_nmin: 8
boun_navg: 40.277344
boun_nmax: 82
boun_nnzmin: 13
boun_nnzavg: 63.648438
boun_nnzmax: 142
decom_cmin: 4
decom_cavg: 8.882812
decom_cmax: 9
decom_nmin: 9
decom_navg: 9.179688
decom_nmax: 21
decom_nnzmin: 2
decom_nnzavg: 6.433594
decom_nnzmax: 24
totreplwgt: 72656
minpartwgt: 3228
avgpartwgt: 3240.390625
maxpartwgt: 3252
fincut: 22780
finimbal: 0.003583
