inicut: 71645
iniimbal: 0.065071
replr: 0.010000
maxreplwgt: 155426
boun_cmin: 1
boun_cavg: 26.725806
boun_cmax: 67
boun_nmin: 1
boun_navg: 54.903226
boun_nmax: 131
boun_nnzmin: 1
boun_nnzavg: 79.102151
boun_nnzmax: 210
decom_cmin: 1
decom_cavg: 17.586022
decom_cmax: 47
decom_nmin: 1
decom_navg: 26.150538
decom_nmax: 94
decom_nnzmin: 1
decom_nnzavg: 30.193548
decom_nnzmax: 145
totreplwgt: 155408
minpartwgt: 58484
avgpartwgt: 61320.375000
maxpartwgt: 64664
fincut: 27362
finimbal: 0.054527
