inicut: 35246
iniimbal: 0.045804
replr: 0.010000
maxreplwgt: 7568
boun_cmin: 1
boun_cavg: 9.074830
boun_cmax: 21
boun_nmin: 1
boun_navg: 20.931973
boun_nmax: 56
boun_nnzmin: 1
boun_nnzavg: 23.693878
boun_nnzmax: 70
decom_cmin: 1
decom_cavg: 6.598639
decom_cmax: 7
decom_nmin: 1
decom_navg: 6.755102
decom_nmax: 13
decom_nnzmin: 1
decom_nnzavg: 4.047619
decom_nnzmax: 13
totreplwgt: 7544
minpartwgt: 2876
avgpartwgt: 2986.046875
maxpartwgt: 3092
fincut: 33158
finimbal: 0.035483
