inicut: 24328
iniimbal: 0.081502
replr: 0.100000
maxreplwgt: 25280
boun_cmin: 1
boun_cavg: 6.692000
boun_cmax: 14
boun_nmin: 2
boun_navg: 16.384000
boun_nmax: 34
boun_nnzmin: 2
boun_nnzavg: 18.844000
boun_nnzmax: 46
decom_cmin: 1
decom_cavg: 6.424000
decom_cmax: 13
decom_nmin: 2
decom_navg: 14.376000
decom_nmax: 28
decom_nnzmin: 2
decom_nnzavg: 16.060000
decom_nnzmax: 29
totreplwgt: 22212
minpartwgt: 1060
avgpartwgt: 1074.281250
maxpartwgt: 1084
fincut: 12937
finimbal: 0.009047
