inicut: 27834
iniimbal: 0.243402
replr: 0.010000
maxreplwgt: 12069
boun_cmin: 4
boun_cavg: 17.370968
boun_cmax: 42
boun_nmin: 6
boun_navg: 41.919355
boun_nmax: 106
boun_nnzmin: 6
boun_nnzavg: 58.919355
boun_nnzmax: 177
decom_cmin: 4
decom_cavg: 11.032258
decom_cmax: 20
decom_nmin: 6
decom_navg: 12.467742
decom_nmax: 47
decom_nnzmin: 2
decom_nnzavg: 9.354839
decom_nnzmax: 70
totreplwgt: 12044
minpartwgt: 7648
avgpartwgt: 9523.062500
maxpartwgt: 11724
fincut: 23784
finimbal: 0.231117
