inicut: 20877
iniimbal: 0.067450
replr: 0.100000
maxreplwgt: 75688
boun_cmin: 2
boun_cavg: 18.080000
boun_cmax: 38
boun_nmin: 4
boun_navg: 44.176000
boun_nmax: 98
boun_nnzmin: 10
boun_nnzavg: 69.296000
boun_nnzmax: 164
decom_cmin: 2
decom_cavg: 9.616000
decom_cmax: 15
decom_nmin: 4
decom_navg: 11.952000
decom_nmax: 35
decom_nnzmin: 3
decom_nnzavg: 11.104000
decom_nnzmax: 50
totreplwgt: 74128
minpartwgt: 6480
avgpartwgt: 6492.281250
maxpartwgt: 6504
fincut: 6474
finimbal: 0.001805
