inicut: 46231
iniimbal: 0.049589
replr: 0.010000
maxreplwgt: 155426
boun_cmin: 1
boun_cavg: 30.174242
boun_cmax: 80
boun_nmin: 3
boun_navg: 63.303030
boun_nmax: 183
boun_nnzmin: 4
boun_nnzavg: 90.598485
boun_nnzmax: 266
decom_cmin: 1
decom_cavg: 23.666667
decom_cmax: 56
decom_nmin: 3
decom_navg: 40.810606
decom_nmax: 119
decom_nnzmin: 4
decom_nnzavg: 53.143939
decom_nnzmax: 172
totreplwgt: 155424
minpartwgt: 115916
avgpartwgt: 122640.875000
maxpartwgt: 127448
fincut: 1781
finimbal: 0.039197
