inicut: 27834
iniimbal: 0.243402
replr: 0.100000
maxreplwgt: 120690
boun_cmin: 1
boun_cavg: 14.378378
boun_cmax: 47
boun_nmin: 2
boun_navg: 35.574324
boun_nmax: 104
boun_nnzmin: 2
boun_nnzavg: 55.351351
boun_nnzmax: 189
decom_cmin: 1
decom_cavg: 9.695946
decom_cmax: 21
decom_nmin: 2
decom_navg: 19.412162
decom_nmax: 58
decom_nnzmin: 2
decom_nnzavg: 25.804054
decom_nnzmax: 95
totreplwgt: 120676
minpartwgt: 9800
avgpartwgt: 10371.750000
maxpartwgt: 11724
fincut: 263
finimbal: 0.130378
