inicut: 24328
iniimbal: 0.081502
replr: 0.010000
maxreplwgt: 2528
boun_cmin: 1
boun_cavg: 5.444444
boun_cmax: 10
boun_nmin: 2
boun_navg: 12.955556
boun_nmax: 31
boun_nnzmin: 2
boun_nnzavg: 13.577778
boun_nnzmax: 35
decom_cmin: 1
decom_cavg: 5.377778
decom_cmax: 9
decom_nmin: 2
decom_navg: 11.555556
decom_nmax: 26
decom_nnzmin: 2
decom_nnzavg: 11.977778
decom_nnzmax: 26
totreplwgt: 2520
minpartwgt: 948
avgpartwgt: 997.359375
maxpartwgt: 1068
fincut: 22944
finimbal: 0.070828
