inicut: 71645
iniimbal: 0.065071
replr: 0.010000
maxreplwgt: 155426
boun_cmin: 1
boun_cavg: 25.829897
boun_cmax: 68
boun_nmin: 2
boun_navg: 53.293814
boun_nmax: 138
boun_nnzmin: 2
boun_nnzavg: 76.304124
boun_nnzmax: 220
decom_cmin: 1
decom_cavg: 17.211340
decom_cmax: 45
decom_nmin: 2
decom_navg: 26.077320
decom_nmax: 90
decom_nnzmin: 2
decom_nnzavg: 30.082474
decom_nnzmax: 137
totreplwgt: 155420
minpartwgt: 58632
avgpartwgt: 61320.421875
maxpartwgt: 64664
fincut: 26937
finimbal: 0.054526
