inicut: 39633
iniimbal: 0.041952
replr: 0.010000
maxreplwgt: 24657
boun_cmin: 1
boun_cavg: 18.826087
boun_cmax: 47
boun_nmin: 1
boun_navg: 42.666667
boun_nmax: 110
boun_nnzmin: 1
boun_nnzavg: 63.652174
boun_nnzmax: 185
decom_cmin: 1
decom_cavg: 12.492754
decom_cmax: 27
decom_nmin: 1
decom_navg: 14.173913
decom_nmax: 30
decom_nnzmin: 1
decom_nnzavg: 15.188406
decom_nnzmax: 36
totreplwgt: 24652
minpartwgt: 18692
avgpartwgt: 19456.437500
maxpartwgt: 20072
fincut: 25174
finimbal: 0.031638
