inicut: 35246
iniimbal: 0.045804
replr: 0.100000
maxreplwgt: 75688
boun_cmin: 2
boun_cavg: 17.042969
boun_cmax: 35
boun_nmin: 8
boun_navg: 40.855469
boun_nmax: 87
boun_nnzmin: 8
boun_nnzavg: 64.562500
boun_nnzmax: 147
decom_cmin: 2
decom_cavg: 8.847656
decom_cmax: 9
decom_nmin: 8
decom_navg: 9.203125
decom_nmax: 21
decom_nnzmin: 2
decom_nnzavg: 6.531250
decom_nnzmax: 25
totreplwgt: 72800
minpartwgt: 3228
avgpartwgt: 3240.953125
maxpartwgt: 3252
fincut: 22939
finimbal: 0.003409
