inicut: 20877
iniimbal: 0.067450
replr: 0.100000
maxreplwgt: 75688
boun_cmin: 1
boun_cavg: 18.344000
boun_cmax: 37
boun_nmin: 3
boun_navg: 44.472000
boun_nmax: 95
boun_nnzmin: 3
boun_nnzavg: 70.264000
boun_nnzmax: 161
decom_cmin: 1
decom_cavg: 9.528000
decom_cmax: 12
decom_nmin: 3
decom_navg: 11.496000
decom_nmax: 32
decom_nnzmin: 3
decom_nnzavg: 10.536000
decom_nnzmax: 56
totreplwgt: 74204
minpartwgt: 6480
avgpartwgt: 6492.875000
maxpartwgt: 6504
fincut: 6642
finimbal: 0.001713
