inicut: 298092
iniimbal: 0.062517
replr: 0.100000
maxreplwgt: 9227
boun_cmin: 8
boun_cavg: 336.695652
boun_cmax: 6729
boun_nmin: 1
boun_navg: 440.920290
boun_nmax: 14685
boun_nnzmin: 8
boun_nnzavg: 2089.130435
boun_nnzmax: 29919
decom_cmin: 8
decom_cavg: 94.746377
decom_cmax: 151
decom_nmin: 1
decom_navg: 78.608696
decom_nmax: 151
decom_nnzmin: 8
decom_nnzavg: 163.586957
decom_nnzmax: 1523
totreplwgt: 9097
minpartwgt: 396
avgpartwgt: 396.000000
maxpartwgt: 396
fincut: 295646
finimbal: 0.000000
