inicut: 35246
iniimbal: 0.045804
replr: 0.100000
maxreplwgt: 75688
boun_cmin: 2
boun_cavg: 16.941406
boun_cmax: 36
boun_nmin: 8
boun_navg: 40.437500
boun_nmax: 87
boun_nnzmin: 8
boun_nnzavg: 64.019531
boun_nnzmax: 151
decom_cmin: 2
decom_cavg: 8.839844
decom_cmax: 9
decom_nmin: 8
decom_navg: 9.207031
decom_nmax: 21
decom_nnzmin: 2
decom_nnzavg: 6.542969
decom_nnzmax: 25
totreplwgt: 72688
minpartwgt: 3228
avgpartwgt: 3240.515625
maxpartwgt: 3252
fincut: 22650
finimbal: 0.003544
