inicut: 35246
iniimbal: 0.045804
replr: 0.100000
maxreplwgt: 75688
boun_cmin: 2
boun_cavg: 16.902344
boun_cmax: 36
boun_nmin: 8
boun_navg: 40.648438
boun_nmax: 85
boun_nnzmin: 8
boun_nnzavg: 64.113281
boun_nnzmax: 145
decom_cmin: 2
decom_cavg: 8.847656
decom_cmax: 9
decom_nmin: 8
decom_navg: 9.203125
decom_nmax: 21
decom_nnzmin: 2
decom_nnzavg: 6.582031
decom_nnzmax: 25
totreplwgt: 72876
minpartwgt: 3228
avgpartwgt: 3241.250000
maxpartwgt: 3252
fincut: 22333
finimbal: 0.003317
