inicut: 44470
iniimbal: 0.926828
replr: 0.100000
maxreplwgt: 120690
boun_cmin: 1
boun_cavg: 11.043077
boun_cmax: 39
boun_nmin: 1
boun_navg: 27.144615
boun_nmax: 100
boun_nnzmin: 1
boun_nnzavg: 40.818462
boun_nnzmax: 168
decom_cmin: 1
decom_cavg: 11.043077
decom_cmax: 39
decom_nmin: 1
decom_navg: 15.080000
decom_nmax: 52
decom_nnzmin: 1
decom_nnzavg: 19.424615
decom_nnzmax: 93
totreplwgt: 120684
minpartwgt: 0
avgpartwgt: 5185.906250
maxpartwgt: 9084
fincut: 158
finimbal: 0.751671
