inicut: 24328
iniimbal: 0.081502
replr: 0.010000
maxreplwgt: 2528
boun_cmin: 1
boun_cavg: 4.854167
boun_cmax: 9
boun_nmin: 1
boun_navg: 13.437500
boun_nmax: 31
boun_nnzmin: 1
boun_nnzavg: 13.437500
boun_nnzmax: 31
decom_cmin: 1
decom_cavg: 4.854167
decom_cmax: 9
decom_nmin: 1
decom_navg: 12.958333
decom_nmax: 26
decom_nnzmin: 1
decom_nnzavg: 12.958333
decom_nnzmax: 26
totreplwgt: 2524
minpartwgt: 948
avgpartwgt: 997.375000
maxpartwgt: 1068
fincut: 22962
finimbal: 0.070811
