inicut: 24328
iniimbal: 0.081502
replr: 0.010000
maxreplwgt: 2528
boun_cmin: 1
boun_cavg: 5.428571
boun_cmax: 9
boun_nmin: 2
boun_navg: 14.545455
boun_nmax: 31
boun_nnzmin: 2
boun_nnzavg: 14.922078
boun_nnzmax: 31
decom_cmin: 1
decom_cavg: 3.870130
decom_cmax: 4
decom_nmin: 2
decom_navg: 3.909091
decom_nmax: 4
decom_nnzmin: 1
decom_nnzavg: 2.311688
decom_nnzmax: 4
totreplwgt: 2508
minpartwgt: 936
avgpartwgt: 997.312500
maxpartwgt: 1068
fincut: 23323
finimbal: 0.070878
