inicut: 39633
iniimbal: 0.041952
replr: 0.010000
maxreplwgt: 24657
boun_cmin: 1
boun_cavg: 19.906977
boun_cmax: 73
boun_nmin: 1
boun_navg: 44.104651
boun_nmax: 155
boun_nnzmin: 1
boun_nnzavg: 67.209302
boun_nnzmax: 278
decom_cmin: 1
decom_cavg: 11.372093
decom_cmax: 14
decom_nmin: 1
decom_navg: 12.372093
decom_nmax: 33
decom_nnzmin: 1
decom_nnzavg: 9.058140
decom_nnzmax: 52
totreplwgt: 24644
minpartwgt: 18680
avgpartwgt: 19456.375000
maxpartwgt: 20072
fincut: 29098
finimbal: 0.031641
