inicut: 71904
iniimbal: 0.055314
replr: 0.010000
maxreplwgt: 275320
boun_cmin: 1
boun_cavg: 23.506944
boun_cmax: 91
boun_nmin: 2
boun_navg: 47.017361
boun_nmax: 177
boun_nnzmin: 2
boun_nnzavg: 69.163194
boun_nnzmax: 319
decom_cmin: 1
decom_cavg: 18.788194
decom_cmax: 61
decom_nmin: 2
decom_navg: 33.784722
decom_nmax: 136
decom_nnzmin: 2
decom_nnzavg: 45.371528
decom_nnzmax: 212
totreplwgt: 275312
minpartwgt: 104376
avgpartwgt: 108622.546875
maxpartwgt: 113496
fincut: 0
finimbal: 0.044866
