inicut: 15993
iniimbal: 9.479740
replr: 0.010000
maxreplwgt: 23124
boun_cmin: 1
boun_cavg: 173.839080
boun_cmax: 850
boun_nmin: 1
boun_navg: 92.724138
boun_nmax: 518
boun_nnzmin: 1
boun_nnzavg: 269.137931
boun_nnzmax: 1375
decom_cmin: 1
decom_cavg: 54.103448
decom_cmax: 132
decom_nmin: 1
decom_navg: 50.034483
decom_nmax: 90
decom_nnzmin: 1
decom_nnzavg: 122.942529
decom_nnzmax: 1375
totreplwgt: 23124
minpartwgt: 11
avgpartwgt: 18247.039062
maxpartwgt: 189331
fincut: 14997
finimbal: 9.375985
