inicut: 27834
iniimbal: 0.243402
replr: 0.100000
maxreplwgt: 120690
boun_cmin: 1
boun_cavg: 14.364238
boun_cmax: 50
boun_nmin: 3
boun_navg: 35.410596
boun_nmax: 124
boun_nnzmin: 3
boun_nnzavg: 55.264901
boun_nnzmax: 222
decom_cmin: 1
decom_cavg: 9.761589
decom_cmax: 28
decom_nmin: 3
decom_navg: 19.377483
decom_nmax: 66
decom_nnzmin: 3
decom_nnzavg: 26.052980
decom_nnzmax: 111
totreplwgt: 120664
minpartwgt: 9812
avgpartwgt: 10371.656250
maxpartwgt: 11724
fincut: 320
finimbal: 0.130388
