inicut: 72240
iniimbal: 0.105523
replr: 0.100000
maxreplwgt: 1099746
boun_cmin: 1
boun_cavg: 23.319820
boun_cmax: 79
boun_nmin: 2
boun_navg: 46.216216
boun_nmax: 172
boun_nnzmin: 2
boun_nnzavg: 76.639640
boun_nnzmax: 295
decom_cmin: 1
decom_cavg: 21.977477
decom_cmax: 62
decom_nmin: 2
decom_navg: 41.954955
decom_nmax: 136
decom_nnzmin: 2
decom_nnzavg: 67.824324
decom_nnzmax: 230
totreplwgt: 1097244
minpartwgt: 47228
avgpartwgt: 47244.968750
maxpartwgt: 47492
fincut: 164
finimbal: 0.005229
