inicut: 71904
iniimbal: 0.055314
replr: 0.010000
maxreplwgt: 275320
boun_cmin: 1
boun_cavg: 23.943463
boun_cmax: 90
boun_nmin: 1
boun_navg: 47.763251
boun_nmax: 177
boun_nnzmin: 1
boun_nnzavg: 70.392226
boun_nnzmax: 315
decom_cmin: 1
decom_cavg: 19.095406
decom_cmax: 62
decom_nmin: 1
decom_navg: 34.197880
decom_nmax: 128
decom_nnzmin: 1
decom_nnzavg: 45.897527
decom_nnzmax: 204
totreplwgt: 275304
minpartwgt: 104376
avgpartwgt: 108622.515625
maxpartwgt: 113496
fincut: 55
finimbal: 0.044866
