inicut: 46231
iniimbal: 0.049589
replr: 0.010000
maxreplwgt: 155426
boun_cmin: 1
boun_cavg: 29.145985
boun_cmax: 80
boun_nmin: 2
boun_navg: 60.992701
boun_nmax: 183
boun_nnzmin: 2
boun_nnzavg: 87.386861
boun_nnzmax: 266
decom_cmin: 1
decom_cavg: 22.664234
decom_cmax: 56
decom_nmin: 2
decom_navg: 39.109489
decom_nmax: 119
decom_nnzmin: 2
decom_nnzavg: 51.452555
decom_nnzmax: 172
totreplwgt: 155416
minpartwgt: 115916
avgpartwgt: 122640.812500
maxpartwgt: 127448
fincut: 1729
finimbal: 0.039197
