inicut: 71904
iniimbal: 0.055314
replr: 0.010000
maxreplwgt: 275320
boun_cmin: 1
boun_cavg: 25.853933
boun_cmax: 101
boun_nmin: 2
boun_navg: 48.764045
boun_nmax: 196
boun_nnzmin: 2
boun_nnzavg: 76.277154
boun_nnzmax: 354
decom_cmin: 1
decom_cavg: 21.820225
decom_cmax: 68
decom_nmin: 2
decom_navg: 35.044944
decom_nmax: 119
decom_nnzmin: 2
decom_nnzavg: 50.681648
decom_nnzmax: 192
totreplwgt: 275312
minpartwgt: 103392
avgpartwgt: 108622.546875
maxpartwgt: 113496
fincut: 1089
finimbal: 0.044866
