inicut: 15805
iniimbal: 0.045047
replr: 0.010000
maxreplwgt: 2528
boun_cmin: 1
boun_cavg: 7.500000
boun_cmax: 15
boun_nmin: 1
boun_navg: 18.926471
boun_nmax: 37
boun_nnzmin: 1
boun_nnzavg: 20.147059
boun_nnzmax: 50
decom_cmin: 1
decom_cavg: 5.911765
decom_cmax: 6
decom_nmin: 1
decom_navg: 5.911765
decom_nmax: 6
decom_nnzmin: 1
decom_nnzavg: 3.250000
decom_nnzmax: 7
totreplwgt: 2520
minpartwgt: 1884
avgpartwgt: 1994.718750
maxpartwgt: 2064
fincut: 14772
finimbal: 0.034732
