inicut: 50172
iniimbal: 0.052818
replr: 0.010000
maxreplwgt: 290684
boun_cmin: 2
boun_cavg: 32.704918
boun_cmax: 100
boun_nmin: 3
boun_navg: 61.926230
boun_nmax: 191
boun_nnzmin: 5
boun_nnzavg: 94.524590
boun_nnzmax: 298
decom_cmin: 2
decom_cavg: 30.106557
decom_cmax: 82
decom_nmin: 3
decom_navg: 52.368852
decom_nmax: 157
decom_nnzmin: 5
decom_nnzavg: 76.918033
decom_nnzmax: 239
totreplwgt: 290664
minpartwgt: 223280
avgpartwgt: 229368.062500
maxpartwgt: 239092
fincut: 0
finimbal: 0.042394
