inicut: 59526
iniimbal: 0.061243
replr: 0.010000
maxreplwgt: 319369
boun_cmin: 1
boun_cavg: 31.873016
boun_cmax: 108
boun_nmin: 2
boun_navg: 60.785714
boun_nmax: 185
boun_nnzmin: 2
boun_nnzavg: 93.031746
boun_nnzmax: 345
decom_cmin: 1
decom_cavg: 24.952381
decom_cmax: 75
decom_nmin: 2
decom_navg: 43.658730
decom_nmax: 145
decom_nnzmin: 2
decom_nnzavg: 61.293651
decom_nnzmax: 220
totreplwgt: 319364
minpartwgt: 244328
avgpartwgt: 252002.375000
maxpartwgt: 264788
fincut: 20
finimbal: 0.050736
