inicut: 27834
iniimbal: 0.243402
replr: 0.100000
maxreplwgt: 120690
boun_cmin: 1
boun_cavg: 13.748387
boun_cmax: 46
boun_nmin: 2
boun_navg: 33.722581
boun_nmax: 106
boun_nnzmin: 2
boun_nnzavg: 52.587097
boun_nnzmax: 188
decom_cmin: 1
decom_cavg: 9.322581
decom_cmax: 21
decom_nmin: 2
decom_navg: 18.290323
decom_nmax: 58
decom_nnzmin: 2
decom_nnzavg: 24.483871
decom_nnzmax: 107
totreplwgt: 120664
minpartwgt: 9800
avgpartwgt: 10371.656250
maxpartwgt: 11724
fincut: 374
finimbal: 0.130388
