inicut: 66437
iniimbal: 0.385393
replr: 0.100000
maxreplwgt: 246577
boun_cmin: 1
boun_cavg: 12.192771
boun_cmax: 50
boun_nmin: 1
boun_navg: 28.100402
boun_nmax: 113
boun_nnzmin: 1
boun_nnzavg: 42.650602
boun_nnzmax: 194
decom_cmin: 1
decom_cavg: 9.819277
decom_cmax: 26
decom_nmin: 1
decom_navg: 18.140562
decom_nmax: 48
decom_nnzmin: 1
decom_nnzavg: 24.534137
decom_nnzmax: 75
totreplwgt: 246556
minpartwgt: 10360
avgpartwgt: 10595.031250
maxpartwgt: 13344
fincut: 0
finimbal: 0.259458
