inicut: 15993
iniimbal: 9.479740
replr: 0.010000
maxreplwgt: 23124
boun_cmin: 1
boun_cavg: 168.888889
boun_cmax: 850
boun_nmin: 1
boun_navg: 89.733333
boun_nmax: 518
boun_nnzmin: 1
boun_nnzavg: 260.800000
boun_nnzmax: 1375
decom_cmin: 1
decom_cavg: 52.788889
decom_cmax: 132
decom_nmin: 1
decom_navg: 48.511111
decom_nmax: 90
decom_nnzmin: 1
decom_nnzavg: 119.588889
decom_nnzmax: 1375
totreplwgt: 23124
minpartwgt: 12
avgpartwgt: 18247.039062
maxpartwgt: 189331
fincut: 14955
finimbal: 9.375985
