inicut: 44304
iniimbal: 0.047039
replr: 0.010000
maxreplwgt: 275320
boun_cmin: 3
boun_cavg: 32.809524
boun_cmax: 109
boun_nmin: 4
boun_navg: 61.920635
boun_nmax: 204
boun_nnzmin: 7
boun_nnzavg: 94.984127
boun_nnzmax: 336
decom_cmin: 3
decom_cavg: 28.603175
decom_cmax: 67
decom_nmin: 4
decom_navg: 46.468254
decom_nmax: 130
decom_nnzmin: 7
decom_nnzavg: 67.484127
decom_nnzmax: 211
totreplwgt: 275296
minpartwgt: 204636
avgpartwgt: 217244.968750
maxpartwgt: 225212
fincut: 145
finimbal: 0.036673
