inicut: 50172
iniimbal: 0.052818
replr: 0.010000
maxreplwgt: 290684
boun_cmin: 2
boun_cavg: 32.056000
boun_cmax: 117
boun_nmin: 4
boun_navg: 63.048000
boun_nmax: 237
boun_nnzmin: 5
boun_nnzavg: 92.504000
boun_nnzmax: 403
decom_cmin: 2
decom_cavg: 27.840000
decom_cmax: 96
decom_nmin: 4
decom_navg: 49.944000
decom_nmax: 195
decom_nnzmin: 5
decom_nnzavg: 69.408000
decom_nnzmax: 334
totreplwgt: 290680
minpartwgt: 222764
avgpartwgt: 229368.187500
maxpartwgt: 239092
fincut: 0
finimbal: 0.042394
