inicut: 44470
iniimbal: 0.926828
replr: 0.100000
maxreplwgt: 120690
boun_cmin: 1
boun_cavg: 12.943820
boun_cmax: 42
boun_nmin: 2
boun_navg: 31.199438
boun_nmax: 103
boun_nnzmin: 2
boun_nnzavg: 47.929775
boun_nnzmax: 181
decom_cmin: 1
decom_cavg: 6.724719
decom_cmax: 20
decom_nmin: 2
decom_navg: 11.019663
decom_nmax: 54
decom_nnzmin: 2
decom_nnzavg: 13.089888
decom_nnzmax: 74
totreplwgt: 120688
minpartwgt: 28
avgpartwgt: 5185.921875
maxpartwgt: 9084
fincut: 6428
finimbal: 0.751665
