inicut: 44470
iniimbal: 0.926828
replr: 0.100000
maxreplwgt: 120690
boun_cmin: 1
boun_cavg: 12.840541
boun_cmax: 42
boun_nmin: 1
boun_navg: 30.886486
boun_nmax: 103
boun_nnzmin: 1
boun_nnzavg: 47.472973
boun_nnzmax: 180
decom_cmin: 1
decom_cavg: 6.618919
decom_cmax: 21
decom_nmin: 1
decom_navg: 10.797297
decom_nmax: 57
decom_nnzmin: 1
decom_nnzavg: 12.705405
decom_nnzmax: 90
totreplwgt: 120684
minpartwgt: 0
avgpartwgt: 5185.906250
maxpartwgt: 9084
fincut: 6780
finimbal: 0.751671
