inicut: 92628
iniimbal: 0.156455
replr: 0.100000
maxreplwgt: 3193694
boun_cmin: 1
boun_cavg: 25.463303
boun_cmax: 88
boun_nmin: 1
boun_navg: 46.779817
boun_nmax: 155
boun_nnzmin: 1
boun_nnzavg: 73.743119
boun_nnzmax: 287
decom_cmin: 1
decom_cavg: 25.463303
decom_cmax: 88
decom_nmin: 1
decom_navg: 46.779817
decom_nmax: 155
decom_nnzmin: 1
decom_nnzavg: 73.743119
decom_nnzmax: 287
totreplwgt: 3193680
minpartwgt: 132404
avgpartwgt: 137228.984375
maxpartwgt: 144272
fincut: 0
finimbal: 0.051323
