inicut: 92628
iniimbal: 0.156455
replr: 0.010000
maxreplwgt: 319369
boun_cmin: 1
boun_cavg: 25.141762
boun_cmax: 88
boun_nmin: 1
boun_navg: 48.662835
boun_nmax: 200
boun_nnzmin: 1
boun_nnzavg: 73.421456
boun_nnzmax: 326
decom_cmin: 1
decom_cavg: 21.455939
decom_cmax: 76
decom_nmin: 1
decom_navg: 36.034483
decom_nmax: 162
decom_nnzmin: 1
decom_nnzavg: 50.057471
decom_nnzmax: 277
totreplwgt: 319352
minpartwgt: 105484
avgpartwgt: 126001.140625
maxpartwgt: 144272
fincut: 0
finimbal: 0.145006
