inicut: 45089
iniimbal: 0.070373
replr: 0.010000
maxreplwgt: 109974
boun_cmin: 2
boun_cavg: 27.753968
boun_cmax: 92
boun_nmin: 2
boun_navg: 58.984127
boun_nmax: 194
boun_nnzmin: 4
boun_nnzavg: 88.888889
boun_nnzmax: 335
decom_cmin: 2
decom_cavg: 18.563492
decom_cmax: 48
decom_nmin: 2
decom_navg: 30.793651
decom_nmax: 122
decom_nnzmin: 4
decom_nnzavg: 38.206349
decom_nnzmax: 165
totreplwgt: 109960
minpartwgt: 81788
avgpartwgt: 86776.781250
maxpartwgt: 91964
fincut: 13718
finimbal: 0.059777
