inicut: 50172
iniimbal: 0.052818
replr: 0.010000
maxreplwgt: 290684
boun_cmin: 2
boun_cavg: 31.888889
boun_cmax: 104
boun_nmin: 5
boun_navg: 63.174603
boun_nmax: 215
boun_nnzmin: 5
boun_nnzavg: 92.412698
boun_nnzmax: 355
decom_cmin: 2
decom_cavg: 27.626984
decom_cmax: 83
decom_nmin: 5
decom_navg: 49.920635
decom_nmax: 163
decom_nnzmin: 5
decom_nnzavg: 69.269841
decom_nnzmax: 281
totreplwgt: 290660
minpartwgt: 222764
avgpartwgt: 229368.031250
maxpartwgt: 239092
fincut: 0
finimbal: 0.042395
