inicut: 66437
iniimbal: 0.385393
replr: 0.100000
maxreplwgt: 246577
boun_cmin: 1
boun_cavg: 13.202899
boun_cmax: 50
boun_nmin: 1
boun_navg: 29.818841
boun_nmax: 118
boun_nnzmin: 1
boun_nnzavg: 47.217391
boun_nnzmax: 200
decom_cmin: 1
decom_cavg: 8.644928
decom_cmax: 20
decom_nmin: 1
decom_navg: 16.673913
decom_nmax: 48
decom_nnzmin: 1
decom_nnzavg: 22.909420
decom_nnzmax: 75
totreplwgt: 246568
minpartwgt: 10256
avgpartwgt: 10595.078125
maxpartwgt: 13344
fincut: 0
finimbal: 0.259453
