inicut: 15993
iniimbal: 9.479740
replr: 0.010000
maxreplwgt: 23124
boun_cmin: 1
boun_cavg: 169.200000
boun_cmax: 850
boun_nmin: 1
boun_navg: 89.966667
boun_nmax: 517
boun_nnzmin: 1
boun_nnzavg: 260.988889
boun_nnzmax: 1375
decom_cmin: 1
decom_cavg: 52.133333
decom_cmax: 132
decom_nmin: 1
decom_navg: 48.466667
decom_nmax: 90
decom_nnzmin: 1
decom_nnzavg: 119.644444
decom_nnzmax: 1375
totreplwgt: 23124
minpartwgt: 11
avgpartwgt: 18247.039062
maxpartwgt: 189331
fincut: 14969
finimbal: 9.375985
