inicut: 45089
iniimbal: 0.070373
replr: 0.010000
maxreplwgt: 109974
boun_cmin: 1
boun_cavg: 27.546875
boun_cmax: 96
boun_nmin: 2
boun_navg: 58.500000
boun_nmax: 193
boun_nnzmin: 2
boun_nnzavg: 88.343750
boun_nnzmax: 353
decom_cmin: 1
decom_cavg: 17.835938
decom_cmax: 44
decom_nmin: 2
decom_navg: 28.757812
decom_nmax: 102
decom_nnzmin: 2
decom_nnzavg: 35.414062
decom_nnzmax: 143
totreplwgt: 109972
minpartwgt: 81816
avgpartwgt: 86776.875000
maxpartwgt: 91964
fincut: 13716
finimbal: 0.059775
