inicut: 45089
iniimbal: 0.070373
replr: 0.010000
maxreplwgt: 109974
boun_cmin: 1
boun_cavg: 27.906977
boun_cmax: 96
boun_nmin: 2
boun_navg: 59.325581
boun_nmax: 208
boun_nnzmin: 2
boun_nnzavg: 89.550388
boun_nnzmax: 353
decom_cmin: 1
decom_cavg: 18.209302
decom_cmax: 48
decom_nmin: 2
decom_navg: 29.899225
decom_nmax: 122
decom_nnzmin: 2
decom_nnzavg: 36.868217
decom_nnzmax: 165
totreplwgt: 109968
minpartwgt: 81984
avgpartwgt: 86776.843750
maxpartwgt: 91964
fincut: 13643
finimbal: 0.059776
