inicut: 27834
iniimbal: 0.243402
replr: 0.100000
maxreplwgt: 120690
boun_cmin: 1
boun_cavg: 14.350649
boun_cmax: 50
boun_nmin: 2
boun_navg: 34.974026
boun_nmax: 124
boun_nnzmin: 2
boun_nnzavg: 54.525974
boun_nnzmax: 222
decom_cmin: 1
decom_cavg: 9.415584
decom_cmax: 21
decom_nmin: 2
decom_navg: 18.538961
decom_nmax: 58
decom_nnzmin: 2
decom_nnzavg: 24.668831
decom_nnzmax: 88
totreplwgt: 120676
minpartwgt: 9812
avgpartwgt: 10371.750000
maxpartwgt: 11724
fincut: 304
finimbal: 0.130378
