inicut: 71904
iniimbal: 0.055314
replr: 0.010000
maxreplwgt: 275320
boun_cmin: 1
boun_cavg: 23.728223
boun_cmax: 98
boun_nmin: 2
boun_navg: 47.299652
boun_nmax: 189
boun_nnzmin: 2
boun_nnzavg: 69.797909
boun_nnzmax: 344
decom_cmin: 1
decom_cavg: 18.853659
decom_cmax: 63
decom_nmin: 2
decom_navg: 33.581882
decom_nmax: 139
decom_nnzmin: 2
decom_nnzavg: 44.993031
decom_nnzmax: 218
totreplwgt: 275296
minpartwgt: 104232
avgpartwgt: 108622.484375
maxpartwgt: 113496
fincut: 0
finimbal: 0.044867
