inicut: 72240
iniimbal: 0.105523
replr: 0.100000
maxreplwgt: 1099746
boun_cmin: 1
boun_cavg: 20.707627
boun_cmax: 86
boun_nmin: 1
boun_navg: 44.724576
boun_nmax: 187
boun_nnzmin: 1
boun_nnzavg: 67.923729
boun_nnzmax: 325
decom_cmin: 1
decom_cavg: 18.694915
decom_cmax: 59
decom_nmin: 1
decom_navg: 38.987288
decom_nmax: 135
decom_nnzmin: 1
decom_nnzavg: 56.474576
decom_nnzmax: 211
totreplwgt: 1097408
minpartwgt: 47228
avgpartwgt: 47245.609375
maxpartwgt: 47492
fincut: 354
finimbal: 0.005215
