inicut: 71904
iniimbal: 0.055314
replr: 0.010000
maxreplwgt: 275320
boun_cmin: 1
boun_cavg: 24.213523
boun_cmax: 98
boun_nmin: 2
boun_navg: 48.416370
boun_nmax: 188
boun_nnzmin: 2
boun_nnzavg: 71.334520
boun_nnzmax: 343
decom_cmin: 1
decom_cavg: 19.224199
decom_cmax: 66
decom_nmin: 2
decom_navg: 34.608541
decom_nmax: 138
decom_nnzmin: 2
decom_nnzavg: 46.398577
decom_nnzmax: 221
totreplwgt: 275312
minpartwgt: 104376
avgpartwgt: 108622.546875
maxpartwgt: 113496
fincut: 112
finimbal: 0.044866
