inicut: 46231
iniimbal: 0.049589
replr: 0.010000
maxreplwgt: 155426
boun_cmin: 1
boun_cavg: 30.318182
boun_cmax: 82
boun_nmin: 2
boun_navg: 63.492424
boun_nmax: 187
boun_nnzmin: 2
boun_nnzavg: 90.765152
boun_nnzmax: 273
decom_cmin: 1
decom_cavg: 23.636364
decom_cmax: 56
decom_nmin: 2
decom_navg: 40.583333
decom_nmax: 119
decom_nnzmin: 2
decom_nnzavg: 52.575758
decom_nnzmax: 172
totreplwgt: 155420
minpartwgt: 115916
avgpartwgt: 122640.843750
maxpartwgt: 127448
fincut: 1801
finimbal: 0.039197
