inicut: 44304
iniimbal: 0.047039
replr: 0.010000
maxreplwgt: 275320
boun_cmin: 1
boun_cavg: 29.586466
boun_cmax: 109
boun_nmin: 1
boun_navg: 59.172932
boun_nmax: 185
boun_nnzmin: 1
boun_nnzavg: 85.578947
boun_nnzmax: 297
decom_cmin: 1
decom_cavg: 24.360902
decom_cmax: 62
decom_nmin: 1
decom_navg: 44.383459
decom_nmax: 126
decom_nnzmin: 1
decom_nnzavg: 60.210526
decom_nnzmax: 196
totreplwgt: 275320
minpartwgt: 207432
avgpartwgt: 217245.156250
maxpartwgt: 225212
fincut: 123
finimbal: 0.036672
