inicut: 44470
iniimbal: 0.926828
replr: 0.100000
maxreplwgt: 120690
boun_cmin: 1
boun_cavg: 12.693767
boun_cmax: 42
boun_nmin: 1
boun_navg: 30.772358
boun_nmax: 103
boun_nnzmin: 1
boun_nnzavg: 46.905149
boun_nnzmax: 180
decom_cmin: 1
decom_cavg: 6.631436
decom_cmax: 28
decom_nmin: 1
decom_navg: 11.010840
decom_nmax: 80
decom_nnzmin: 1
decom_nnzavg: 12.867209
decom_nnzmax: 107
totreplwgt: 120672
minpartwgt: 0
avgpartwgt: 5185.859375
maxpartwgt: 9084
fincut: 5782
finimbal: 0.751687
