inicut: 66437
iniimbal: 0.385393
replr: 0.010000
maxreplwgt: 24657
boun_cmin: 2
boun_cavg: 21.070064
boun_cmax: 53
boun_nmin: 4
boun_navg: 45.980892
boun_nmax: 124
boun_nnzmin: 4
boun_nnzavg: 73.598726
boun_nnzmax: 237
decom_cmin: 2
decom_cavg: 11.439490
decom_cmax: 12
decom_nmin: 4
decom_navg: 12.191083
decom_nmax: 30
decom_nnzmin: 2
decom_nnzavg: 8.261146
decom_nnzmax: 36
totreplwgt: 24652
minpartwgt: 5476
avgpartwgt: 9728.218750
maxpartwgt: 13344
fincut: 55946
finimbal: 0.371680
