c: 92279
n: 30805
nnz: 3004908
avgcelldeg: 32.563292
avgcellw: 1.000000
avgnetdeg: 97.546113
avgnetw: 1.000000
