c: 4618974
n: 66568
nnz: 14277456
avgcelldeg: 3.091045
avgcellw: 1.000000
avgnetdeg: 214.479269
avgnetw: 1.000000
