c: 281903
n: 281903
nnz: 2312497
avgcelldeg: 8.203166
avgcellw: 8.203166
avgnetdeg: 8.203166
avgnetw: 1.000000
