c: 1350762
n: 70115
nnz: 43285851
avgcelldeg: 32.045505
avgcellw: 1.000000
avgnetdeg: 617.355074
avgnetw: 1.000000
