inicut: 15993
iniimbal: 9.479740
replr: 0.010000
maxreplwgt: 23124
boun_cmin: 1
boun_cavg: 166.714286
boun_cmax: 850
boun_nmin: 1
boun_navg: 88.945055
boun_nmax: 508
boun_nnzmin: 1
boun_nnzavg: 257.692308
boun_nnzmax: 1375
decom_cmin: 1
decom_cavg: 52.615385
decom_cmax: 132
decom_nmin: 1
decom_navg: 48.725275
decom_nmax: 90
decom_nnzmin: 1
decom_nnzavg: 118.219780
decom_nnzmax: 1375
totreplwgt: 23124
minpartwgt: 11
avgpartwgt: 18247.039062
maxpartwgt: 189331
fincut: 14943
finimbal: 9.375985
