inicut: 46231
iniimbal: 0.049589
replr: 0.010000
maxreplwgt: 155426
boun_cmin: 2
boun_cavg: 30.111111
boun_cmax: 67
boun_nmin: 3
boun_navg: 62.948148
boun_nmax: 156
boun_nnzmin: 6
boun_nnzavg: 90.244444
boun_nnzmax: 219
decom_cmin: 2
decom_cavg: 23.325926
decom_cmax: 56
decom_nmin: 3
decom_navg: 40.007407
decom_nmax: 119
decom_nnzmin: 6
decom_nnzavg: 52.177778
decom_nnzmax: 172
totreplwgt: 155416
minpartwgt: 115916
avgpartwgt: 122640.812500
maxpartwgt: 127448
fincut: 1906
finimbal: 0.039197
