inicut: 71645
iniimbal: 0.065071
replr: 0.010000
maxreplwgt: 155426
boun_cmin: 1
boun_cavg: 26.744681
boun_cmax: 69
boun_nmin: 2
boun_navg: 55.015957
boun_nmax: 138
boun_nnzmin: 2
boun_nnzavg: 78.952128
boun_nnzmax: 216
decom_cmin: 1
decom_cavg: 17.531915
decom_cmax: 55
decom_nmin: 2
decom_navg: 26.074468
decom_nmax: 105
decom_nnzmin: 2
decom_nnzavg: 29.968085
decom_nnzmax: 167
totreplwgt: 155412
minpartwgt: 58212
avgpartwgt: 61320.390625
maxpartwgt: 64664
fincut: 26956
finimbal: 0.054527
