inicut: 71904
iniimbal: 0.055314
replr: 0.010000
maxreplwgt: 275320
boun_cmin: 1
boun_cavg: 23.339416
boun_cmax: 89
boun_nmin: 2
boun_navg: 46.956204
boun_nmax: 173
boun_nnzmin: 2
boun_nnzavg: 68.711679
boun_nnzmax: 310
decom_cmin: 1
decom_cavg: 20.156934
decom_cmax: 63
decom_nmin: 2
decom_navg: 35.401460
decom_nmax: 141
decom_nnzmin: 2
decom_nnzavg: 47.843066
decom_nnzmax: 221
totreplwgt: 275300
minpartwgt: 104804
avgpartwgt: 108622.500000
maxpartwgt: 113496
fincut: 0
finimbal: 0.044866
