inicut: 46231
iniimbal: 0.049589
replr: 0.010000
maxreplwgt: 155426
boun_cmin: 2
boun_cavg: 30.014925
boun_cmax: 80
boun_nmin: 3
boun_navg: 62.604478
boun_nmax: 183
boun_nnzmin: 6
boun_nnzavg: 90.037313
boun_nnzmax: 266
decom_cmin: 2
decom_cavg: 23.022388
decom_cmax: 56
decom_nmin: 3
decom_navg: 39.440299
decom_nmax: 119
decom_nnzmin: 6
decom_nnzavg: 51.649254
decom_nnzmax: 172
totreplwgt: 155424
minpartwgt: 115944
avgpartwgt: 122640.875000
maxpartwgt: 127448
fincut: 1873
finimbal: 0.039197
