inicut: 45089
iniimbal: 0.070373
replr: 0.010000
maxreplwgt: 109974
boun_cmin: 1
boun_cavg: 27.753968
boun_cmax: 95
boun_nmin: 2
boun_navg: 59.055556
boun_nmax: 210
boun_nnzmin: 3
boun_nnzavg: 89.246032
boun_nnzmax: 347
decom_cmin: 1
decom_cavg: 18.365079
decom_cmax: 48
decom_nmin: 2
decom_navg: 30.103175
decom_nmax: 122
decom_nnzmin: 3
decom_nnzavg: 37.444444
decom_nnzmax: 165
totreplwgt: 109964
minpartwgt: 81788
avgpartwgt: 86776.812500
maxpartwgt: 91964
fincut: 13893
finimbal: 0.059776
