inicut: 72240
iniimbal: 0.105523
replr: 0.100000
maxreplwgt: 1099746
boun_cmin: 1
boun_cavg: 20.858369
boun_cmax: 86
boun_nmin: 1
boun_navg: 45.077253
boun_nmax: 187
boun_nnzmin: 1
boun_nnzavg: 68.394850
boun_nnzmax: 325
decom_cmin: 1
decom_cavg: 18.703863
decom_cmax: 59
decom_nmin: 1
decom_navg: 39.291845
decom_nmax: 135
decom_nnzmin: 1
decom_nnzavg: 57.214592
decom_nnzmax: 211
totreplwgt: 1097016
minpartwgt: 47228
avgpartwgt: 47244.078125
maxpartwgt: 47492
fincut: 214
finimbal: 0.005248
