inicut: 50172
iniimbal: 0.052818
replr: 0.010000
maxreplwgt: 290684
boun_cmin: 2
boun_cavg: 32.248000
boun_cmax: 105
boun_nmin: 5
boun_navg: 63.768000
boun_nmax: 215
boun_nnzmin: 5
boun_nnzavg: 93.072000
boun_nnzmax: 363
decom_cmin: 2
decom_cavg: 27.808000
decom_cmax: 81
decom_nmin: 5
decom_navg: 50.240000
decom_nmax: 163
decom_nnzmin: 5
decom_nnzavg: 69.392000
decom_nnzmax: 278
totreplwgt: 290676
minpartwgt: 222764
avgpartwgt: 229368.156250
maxpartwgt: 239092
fincut: 0
finimbal: 0.042394
