inicut: 45089
iniimbal: 0.070373
replr: 0.100000
maxreplwgt: 1099746
boun_cmin: 1
boun_cavg: 26.445455
boun_cmax: 84
boun_nmin: 2
boun_navg: 57.863636
boun_nmax: 195
boun_nnzmin: 2
boun_nnzavg: 87.218182
boun_nnzmax: 327
decom_cmin: 1
decom_cavg: 25.636364
decom_cmax: 83
decom_nmin: 2
decom_navg: 55.372727
decom_nmax: 187
decom_nnzmin: 2
decom_nnzavg: 82.654545
decom_nnzmax: 304
totreplwgt: 1098080
minpartwgt: 94484
avgpartwgt: 94496.468750
maxpartwgt: 94508
fincut: 0
finimbal: 0.000122
