inicut: 44470
iniimbal: 0.926828
replr: 0.100000
maxreplwgt: 120690
boun_cmin: 1
boun_cavg: 12.698370
boun_cmax: 48
boun_nmin: 1
boun_navg: 30.595109
boun_nmax: 103
boun_nnzmin: 1
boun_nnzavg: 46.894022
boun_nnzmax: 195
decom_cmin: 1
decom_cavg: 6.557065
decom_cmax: 23
decom_nmin: 1
decom_navg: 10.701087
decom_nmax: 63
decom_nnzmin: 1
decom_nnzavg: 12.567935
decom_nnzmax: 85
totreplwgt: 120680
minpartwgt: 0
avgpartwgt: 5185.890625
maxpartwgt: 9084
fincut: 6462
finimbal: 0.751676
