inicut: 59526
iniimbal: 0.061243
replr: 0.010000
maxreplwgt: 319369
boun_cmin: 1
boun_cavg: 31.125984
boun_cmax: 104
boun_nmin: 2
boun_navg: 59.692913
boun_nmax: 185
boun_nnzmin: 2
boun_nnzavg: 91.141732
boun_nnzmax: 305
decom_cmin: 1
decom_cavg: 24.370079
decom_cmax: 75
decom_nmin: 2
decom_navg: 42.866142
decom_nmax: 145
decom_nnzmin: 2
decom_nnzavg: 59.881890
decom_nnzmax: 220
totreplwgt: 319360
minpartwgt: 244328
avgpartwgt: 252002.343750
maxpartwgt: 264788
fincut: 0
finimbal: 0.050736
