inicut: 66437
iniimbal: 0.385393
replr: 0.100000
maxreplwgt: 246577
boun_cmin: 1
boun_cavg: 13.311284
boun_cmax: 51
boun_nmin: 2
boun_navg: 29.136187
boun_nmax: 112
boun_nnzmin: 2
boun_nnzavg: 46.968872
boun_nnzmax: 212
decom_cmin: 1
decom_cavg: 9.723735
decom_cmax: 27
decom_nmin: 2
decom_navg: 15.961089
decom_nmax: 51
decom_nnzmin: 2
decom_nnzavg: 21.712062
decom_nnzmax: 98
totreplwgt: 246568
minpartwgt: 10316
avgpartwgt: 10595.078125
maxpartwgt: 13344
fincut: 0
finimbal: 0.259453
