inicut: 35246
iniimbal: 0.045804
replr: 0.010000
maxreplwgt: 7568
boun_cmin: 1
boun_cavg: 9.127660
boun_cmax: 21
boun_nmin: 1
boun_navg: 20.964539
boun_nmax: 56
boun_nnzmin: 1
boun_nnzavg: 23.659574
boun_nnzmax: 70
decom_cmin: 1
decom_cavg: 6.567376
decom_cmax: 7
decom_nmin: 1
decom_navg: 6.801418
decom_nmax: 13
decom_nnzmin: 1
decom_nnzavg: 4.248227
decom_nnzmax: 15
totreplwgt: 7564
minpartwgt: 2876
avgpartwgt: 2986.125000
maxpartwgt: 3092
fincut: 33117
finimbal: 0.035456
