inicut: 71904
iniimbal: 0.055314
replr: 0.010000
maxreplwgt: 275320
boun_cmin: 1
boun_cavg: 23.777003
boun_cmax: 94
boun_nmin: 2
boun_navg: 47.452962
boun_nmax: 185
boun_nnzmin: 2
boun_nnzavg: 69.895470
boun_nnzmax: 331
decom_cmin: 1
decom_cavg: 18.735192
decom_cmax: 58
decom_nmin: 2
decom_navg: 33.620209
decom_nmax: 113
decom_nnzmin: 2
decom_nnzavg: 45.132404
decom_nnzmax: 171
totreplwgt: 275316
minpartwgt: 104376
avgpartwgt: 108622.562500
maxpartwgt: 113496
fincut: 0
finimbal: 0.044866
