inicut: 24003
iniimbal: 7.766116
replr: 0.010000
maxreplwgt: 23124
boun_cmin: 1
boun_cavg: 77.899160
boun_cmax: 1677
boun_nmin: 1
boun_navg: 38.193277
boun_nmax: 341
boun_nnzmin: 1
boun_nnzavg: 113.638655
boun_nnzmax: 2530
decom_cmin: 1
decom_cavg: 39.613445
decom_cmax: 1677
decom_nmin: 1
decom_navg: 21.983193
decom_nmax: 78
decom_nnzmin: 1
decom_nnzavg: 65.697479
decom_nnzmax: 2530
totreplwgt: 23124
minpartwgt: 83
avgpartwgt: 9123.519531
maxpartwgt: 79186
fincut: 23139
finimbal: 7.679326
