inicut: 71904
iniimbal: 0.055314
replr: 0.010000
maxreplwgt: 275320
boun_cmin: 1
boun_cavg: 23.856140
boun_cmax: 97
boun_nmin: 2
boun_navg: 47.698246
boun_nmax: 184
boun_nnzmin: 2
boun_nnzavg: 70.228070
boun_nnzmax: 339
decom_cmin: 1
decom_cavg: 18.845614
decom_cmax: 61
decom_nmin: 2
decom_navg: 33.715789
decom_nmax: 129
decom_nnzmin: 2
decom_nnzavg: 44.961404
decom_nnzmax: 207
totreplwgt: 275316
minpartwgt: 104376
avgpartwgt: 108622.562500
maxpartwgt: 113496
fincut: 28
finimbal: 0.044866
