inicut: 44304
iniimbal: 0.047039
replr: 0.010000
maxreplwgt: 275320
boun_cmin: 1
boun_cavg: 28.970588
boun_cmax: 109
boun_nmin: 1
boun_navg: 58.051471
boun_nmax: 178
boun_nnzmin: 1
boun_nnzavg: 83.647059
boun_nnzmax: 287
decom_cmin: 1
decom_cavg: 23.801471
decom_cmax: 58
decom_nmin: 1
decom_navg: 43.220588
decom_nmax: 125
decom_nnzmin: 1
decom_nnzavg: 57.750000
decom_nnzmax: 176
totreplwgt: 275316
minpartwgt: 207432
avgpartwgt: 217245.125000
maxpartwgt: 225212
fincut: 123
finimbal: 0.036672
