inicut: 44470
iniimbal: 0.926828
replr: 0.100000
maxreplwgt: 120690
boun_cmin: 1
boun_cavg: 12.722527
boun_cmax: 47
boun_nmin: 1
boun_navg: 30.835165
boun_nmax: 99
boun_nnzmin: 1
boun_nnzavg: 47.241758
boun_nnzmax: 207
decom_cmin: 1
decom_cavg: 6.557692
decom_cmax: 24
decom_nmin: 1
decom_navg: 10.752747
decom_nmax: 66
decom_nnzmin: 1
decom_nnzavg: 12.554945
decom_nnzmax: 90
totreplwgt: 120672
minpartwgt: 0
avgpartwgt: 5185.859375
maxpartwgt: 9084
fincut: 6216
finimbal: 0.751687
