inicut: 66437
iniimbal: 0.385393
replr: 0.100000
maxreplwgt: 246577
boun_cmin: 1
boun_cavg: 12.920290
boun_cmax: 50
boun_nmin: 1
boun_navg: 29.355072
boun_nmax: 106
boun_nnzmin: 1
boun_nnzavg: 46.032609
boun_nnzmax: 180
decom_cmin: 1
decom_cavg: 8.525362
decom_cmax: 20
decom_nmin: 1
decom_navg: 16.384058
decom_nmax: 48
decom_nnzmin: 1
decom_nnzavg: 22.235507
decom_nnzmax: 80
totreplwgt: 246552
minpartwgt: 10296
avgpartwgt: 10595.015625
maxpartwgt: 13344
fincut: 0
finimbal: 0.259460
