inicut: 24328
iniimbal: 0.081502
replr: 0.100000
maxreplwgt: 25280
boun_cmin: 2
boun_cavg: 7.466135
boun_cmax: 16
boun_nmin: 4
boun_navg: 17.709163
boun_nmax: 41
boun_nnzmin: 4
boun_nnzavg: 20.752988
boun_nnzmax: 57
decom_cmin: 2
decom_cavg: 5.956175
decom_cmax: 6
decom_nmin: 4
decom_navg: 5.992032
decom_nmax: 8
decom_nnzmin: 1
decom_nnzavg: 3.250996
decom_nnzmax: 8
totreplwgt: 21888
minpartwgt: 1060
avgpartwgt: 1073.015625
maxpartwgt: 1084
fincut: 19973
finimbal: 0.010237
