inicut: 27834
iniimbal: 0.243402
replr: 0.010000
maxreplwgt: 12069
boun_cmin: 4
boun_cavg: 17.305085
boun_cmax: 42
boun_nmin: 9
boun_navg: 42.118644
boun_nmax: 106
boun_nnzmin: 12
boun_nnzavg: 59.135593
boun_nnzmax: 177
decom_cmin: 4
decom_cavg: 11.118644
decom_cmax: 20
decom_nmin: 9
decom_navg: 12.627119
decom_nmax: 47
decom_nnzmin: 2
decom_nnzavg: 9.711864
decom_nnzmax: 70
totreplwgt: 12064
minpartwgt: 7676
avgpartwgt: 9523.218750
maxpartwgt: 11724
fincut: 23721
finimbal: 0.231096
