inicut: 298092
iniimbal: 0.062517
replr: 0.100000
maxreplwgt: 9227
boun_cmin: 8
boun_cavg: 332.446043
boun_cmax: 6739
boun_nmin: 1
boun_navg: 438.489209
boun_nmax: 14686
boun_nnzmin: 8
boun_nnzavg: 2075.395683
boun_nnzmax: 29919
decom_cmin: 8
decom_cavg: 93.194245
decom_cmax: 151
decom_nmin: 1
decom_navg: 76.446043
decom_nmax: 151
decom_nnzmin: 8
decom_nnzavg: 164.611511
decom_nnzmax: 1618
totreplwgt: 9097
minpartwgt: 396
avgpartwgt: 396.000000
maxpartwgt: 396
fincut: 295623
finimbal: 0.000000
