inicut: 92628
iniimbal: 0.156455
replr: 0.010000
maxreplwgt: 319369
boun_cmin: 1
boun_cavg: 25.616788
boun_cmax: 88
boun_nmin: 3
boun_navg: 46.543796
boun_nmax: 157
boun_nnzmin: 3
boun_nnzavg: 74.708029
boun_nnzmax: 287
decom_cmin: 1
decom_cavg: 21.565693
decom_cmax: 86
decom_nmin: 3
decom_navg: 33.726277
decom_nmax: 157
decom_nnzmin: 3
decom_nnzavg: 50.025547
decom_nnzmax: 285
totreplwgt: 319364
minpartwgt: 104672
avgpartwgt: 126001.187500
maxpartwgt: 144272
fincut: 0
finimbal: 0.145005
