inicut: 45089
iniimbal: 0.070373
replr: 0.010000
maxreplwgt: 109974
boun_cmin: 2
boun_cavg: 28.370968
boun_cmax: 92
boun_nmin: 2
boun_navg: 60.516129
boun_nmax: 194
boun_nnzmin: 4
boun_nnzavg: 91.153226
boun_nnzmax: 335
decom_cmin: 2
decom_cavg: 18.879032
decom_cmax: 48
decom_nmin: 2
decom_navg: 31.387097
decom_nmax: 122
decom_nnzmin: 4
decom_nnzavg: 39.104839
decom_nnzmax: 165
totreplwgt: 109960
minpartwgt: 81788
avgpartwgt: 86776.781250
maxpartwgt: 91964
fincut: 13524
finimbal: 0.059777
