inicut: 45089
iniimbal: 0.070373
replr: 0.010000
maxreplwgt: 109974
boun_cmin: 1
boun_cavg: 27.598425
boun_cmax: 96
boun_nmin: 2
boun_navg: 58.834646
boun_nmax: 194
boun_nnzmin: 2
boun_nnzavg: 88.677165
boun_nnzmax: 353
decom_cmin: 1
decom_cavg: 18.574803
decom_cmax: 48
decom_nmin: 2
decom_navg: 30.748031
decom_nmax: 122
decom_nnzmin: 2
decom_nnzavg: 38.007874
decom_nnzmax: 165
totreplwgt: 109968
minpartwgt: 82012
avgpartwgt: 86776.843750
maxpartwgt: 91964
fincut: 13531
finimbal: 0.059776
