inicut: 46231
iniimbal: 0.049589
replr: 0.010000
maxreplwgt: 155426
boun_cmin: 2
boun_cavg: 29.000000
boun_cmax: 80
boun_nmin: 3
boun_navg: 61.175182
boun_nmax: 183
boun_nnzmin: 6
boun_nnzavg: 87.262774
boun_nnzmax: 266
decom_cmin: 2
decom_cavg: 22.817518
decom_cmax: 56
decom_nmin: 3
decom_navg: 39.583942
decom_nmax: 119
decom_nnzmin: 6
decom_nnzavg: 51.518248
decom_nnzmax: 172
totreplwgt: 155424
minpartwgt: 115916
avgpartwgt: 122640.875000
maxpartwgt: 127448
fincut: 1433
finimbal: 0.039197
