inicut: 44304
iniimbal: 0.047039
replr: 0.100000
maxreplwgt: 2753206
boun_cmin: 1
boun_cavg: 28.366972
boun_cmax: 74
boun_nmin: 3
boun_navg: 59.899083
boun_nmax: 147
boun_nnzmin: 3
boun_nnzavg: 81.623853
boun_nnzmax: 215
decom_cmin: 1
decom_cavg: 28.366972
decom_cmax: 74
decom_nmin: 3
decom_navg: 59.899083
decom_nmax: 147
decom_nnzmin: 3
decom_nnzavg: 81.623853
decom_nnzmax: 215
totreplwgt: 2751032
minpartwgt: 236576
avgpartwgt: 236586.656250
maxpartwgt: 236600
fincut: 0
finimbal: 0.000056
