inicut: 71904
iniimbal: 0.055314
replr: 0.100000
maxreplwgt: 2753206
boun_cmin: 1
boun_cavg: 26.196172
boun_cmax: 90
boun_nmin: 2
boun_navg: 50.086124
boun_nmax: 160
boun_nnzmin: 2
boun_nnzavg: 76.483254
boun_nnzmax: 268
decom_cmin: 1
decom_cavg: 26.196172
decom_cmax: 90
decom_nmin: 2
decom_navg: 50.086124
decom_nmax: 160
decom_nnzmin: 2
decom_nnzavg: 76.483254
decom_nnzmax: 268
totreplwgt: 2749548
minpartwgt: 118276
avgpartwgt: 118287.531250
maxpartwgt: 118300
fincut: 0
finimbal: 0.000105
