inicut: 44470
iniimbal: 0.926828
replr: 0.010000
maxreplwgt: 12069
boun_cmin: 1
boun_cavg: 12.387597
boun_cmax: 31
boun_nmin: 1
boun_navg: 28.488372
boun_nmax: 87
boun_nnzmin: 1
boun_nnzavg: 37.720930
boun_nnzmax: 111
decom_cmin: 1
decom_cavg: 8.682171
decom_cmax: 19
decom_nmin: 1
decom_navg: 9.899225
decom_nmax: 44
decom_nnzmin: 1
decom_nnzavg: 6.968992
decom_nnzmax: 55
totreplwgt: 12064
minpartwgt: 0
avgpartwgt: 4761.609375
maxpartwgt: 9084
fincut: 40483
finimbal: 0.907758
