inicut: 20877
iniimbal: 0.067450
replr: 0.100000
maxreplwgt: 75688
boun_cmin: 1
boun_cavg: 18.071429
boun_cmax: 36
boun_nmin: 3
boun_navg: 44.150794
boun_nmax: 95
boun_nnzmin: 3
boun_nnzavg: 69.420635
boun_nnzmax: 153
decom_cmin: 1
decom_cavg: 9.619048
decom_cmax: 14
decom_nmin: 3
decom_navg: 11.769841
decom_nmax: 34
decom_nnzmin: 3
decom_nnzavg: 11.015873
decom_nnzmax: 46
totreplwgt: 74060
minpartwgt: 6480
avgpartwgt: 6491.750000
maxpartwgt: 6504
fincut: 6528
finimbal: 0.001887
