inicut: 35246
iniimbal: 0.045804
replr: 0.010000
maxreplwgt: 7568
boun_cmin: 1
boun_cavg: 9.164384
boun_cmax: 21
boun_nmin: 1
boun_navg: 21.068493
boun_nmax: 56
boun_nnzmin: 1
boun_nnzavg: 23.773973
boun_nnzmax: 70
decom_cmin: 1
decom_cavg: 6.630137
decom_cmax: 7
decom_nmin: 1
decom_navg: 6.732877
decom_nmax: 7
decom_nnzmin: 1
decom_nnzavg: 3.945205
decom_nnzmax: 8
totreplwgt: 7556
minpartwgt: 2880
avgpartwgt: 2986.093750
maxpartwgt: 3092
fincut: 33067
finimbal: 0.035466
