inicut: 71904
iniimbal: 0.055314
replr: 0.010000
maxreplwgt: 275320
boun_cmin: 1
boun_cavg: 23.750000
boun_cmax: 93
boun_nmin: 1
boun_navg: 47.527778
boun_nmax: 182
boun_nnzmin: 1
boun_nnzavg: 69.993056
boun_nnzmax: 328
decom_cmin: 1
decom_cavg: 18.715278
decom_cmax: 58
decom_nmin: 1
decom_navg: 33.621528
decom_nmax: 107
decom_nnzmin: 1
decom_nnzavg: 44.986111
decom_nnzmax: 161
totreplwgt: 275316
minpartwgt: 104232
avgpartwgt: 108622.562500
maxpartwgt: 113496
fincut: 27
finimbal: 0.044866
