inicut: 46231
iniimbal: 0.049589
replr: 0.010000
maxreplwgt: 155426
boun_cmin: 1
boun_cavg: 29.595588
boun_cmax: 67
boun_nmin: 2
boun_navg: 62.073529
boun_nmax: 158
boun_nnzmin: 2
boun_nnzavg: 88.705882
boun_nnzmax: 221
decom_cmin: 1
decom_cavg: 23.147059
decom_cmax: 56
decom_nmin: 2
decom_navg: 39.992647
decom_nmax: 119
decom_nnzmin: 2
decom_nnzavg: 52.345588
decom_nnzmax: 172
totreplwgt: 155400
minpartwgt: 115916
avgpartwgt: 122640.687500
maxpartwgt: 127448
fincut: 1613
finimbal: 0.039198
