inicut: 35246
iniimbal: 0.045804
replr: 0.100000
maxreplwgt: 75688
boun_cmin: 4
boun_cavg: 16.871094
boun_cmax: 36
boun_nmin: 9
boun_navg: 40.253906
boun_nmax: 83
boun_nnzmin: 13
boun_nnzavg: 63.761719
boun_nnzmax: 151
decom_cmin: 4
decom_cavg: 8.859375
decom_cmax: 9
decom_nmin: 9
decom_navg: 9.207031
decom_nmax: 21
decom_nnzmin: 2
decom_nnzavg: 6.652344
decom_nnzmax: 25
totreplwgt: 72708
minpartwgt: 3228
avgpartwgt: 3240.593750
maxpartwgt: 3252
fincut: 22614
finimbal: 0.003520
