inicut: 71645
iniimbal: 0.065071
replr: 0.100000
maxreplwgt: 1554260
boun_cmin: 1
boun_cavg: 20.752212
boun_cmax: 58
boun_nmin: 2
boun_navg: 44.977876
boun_nmax: 122
boun_nnzmin: 2
boun_nnzavg: 61.411504
boun_nnzmax: 186
decom_cmin: 1
decom_cavg: 20.584071
decom_cmax: 56
decom_nmin: 2
decom_navg: 44.526549
decom_nmax: 120
decom_nnzmin: 2
decom_nnzavg: 60.725664
decom_nnzmax: 186
totreplwgt: 1551044
minpartwgt: 66760
avgpartwgt: 66772.078125
maxpartwgt: 66784
fincut: 0
finimbal: 0.000179
