inicut: 44304
iniimbal: 0.047039
replr: 0.010000
maxreplwgt: 275320
boun_cmin: 1
boun_cavg: 28.904412
boun_cmax: 109
boun_nmin: 1
boun_navg: 57.830882
boun_nmax: 191
boun_nnzmin: 1
boun_nnzavg: 83.529412
boun_nnzmax: 317
decom_cmin: 1
decom_cavg: 23.867647
decom_cmax: 58
decom_nmin: 1
decom_navg: 43.323529
decom_nmax: 125
decom_nnzmin: 1
decom_nnzavg: 58.397059
decom_nnzmax: 176
totreplwgt: 275300
minpartwgt: 207432
avgpartwgt: 217245.000000
maxpartwgt: 225212
fincut: 145
finimbal: 0.036673
