inicut: 20877
iniimbal: 0.067450
replr: 0.100000
maxreplwgt: 75688
boun_cmin: 1
boun_cavg: 18.424000
boun_cmax: 37
boun_nmin: 2
boun_navg: 44.600000
boun_nmax: 93
boun_nnzmin: 2
boun_nnzavg: 70.480000
boun_nnzmax: 164
decom_cmin: 1
decom_cavg: 9.568000
decom_cmax: 15
decom_nmin: 2
decom_navg: 11.512000
decom_nmax: 35
decom_nnzmin: 2
decom_nnzavg: 10.312000
decom_nnzmax: 50
totreplwgt: 74180
minpartwgt: 6480
avgpartwgt: 6492.687500
maxpartwgt: 6504
fincut: 6686
finimbal: 0.001742
