inicut: 72240
iniimbal: 0.105523
replr: 0.100000
maxreplwgt: 1099746
boun_cmin: 1
boun_cavg: 20.278970
boun_cmax: 86
boun_nmin: 1
boun_navg: 44.047210
boun_nmax: 187
boun_nnzmin: 1
boun_nnzavg: 66.188841
boun_nnzmax: 325
decom_cmin: 1
decom_cavg: 20.278970
decom_cmax: 86
decom_nmin: 1
decom_navg: 41.296137
decom_nmax: 135
decom_nnzmin: 1
decom_nnzavg: 59.763948
decom_nnzmax: 226
totreplwgt: 1097308
minpartwgt: 47228
avgpartwgt: 47245.218750
maxpartwgt: 47492
fincut: 166
finimbal: 0.005223
