inicut: 45089
iniimbal: 0.070373
replr: 0.010000
maxreplwgt: 109974
boun_cmin: 1
boun_cavg: 27.793651
boun_cmax: 89
boun_nmin: 2
boun_navg: 59.182540
boun_nmax: 194
boun_nnzmin: 2
boun_nnzavg: 89.325397
boun_nnzmax: 327
decom_cmin: 1
decom_cavg: 18.285714
decom_cmax: 48
decom_nmin: 2
decom_navg: 29.992063
decom_nmax: 122
decom_nnzmin: 2
decom_nnzavg: 36.904762
decom_nnzmax: 165
totreplwgt: 109968
minpartwgt: 81788
avgpartwgt: 86776.843750
maxpartwgt: 91964
fincut: 13749
finimbal: 0.059776
