inicut: 45089
iniimbal: 0.070373
replr: 0.100000
maxreplwgt: 1099746
boun_cmin: 1
boun_cavg: 29.175926
boun_cmax: 103
boun_nmin: 2
boun_navg: 58.583333
boun_nmax: 219
boun_nnzmin: 3
boun_nnzavg: 97.379630
boun_nnzmax: 394
decom_cmin: 1
decom_cavg: 28.564815
decom_cmax: 103
decom_nmin: 2
decom_navg: 56.564815
decom_nmax: 219
decom_nnzmin: 3
decom_nnzavg: 93.175926
decom_nnzmax: 394
totreplwgt: 1097972
minpartwgt: 94484
avgpartwgt: 94495.625000
maxpartwgt: 94508
fincut: 0
finimbal: 0.000131
