inicut: 46231
iniimbal: 0.049589
replr: 0.010000
maxreplwgt: 155426
boun_cmin: 1
boun_cavg: 30.044776
boun_cmax: 68
boun_nmin: 1
boun_navg: 63.082090
boun_nmax: 160
boun_nnzmin: 1
boun_nnzavg: 90.141791
boun_nnzmax: 223
decom_cmin: 1
decom_cavg: 23.358209
decom_cmax: 56
decom_nmin: 1
decom_navg: 40.432836
decom_nmax: 119
decom_nnzmin: 1
decom_nnzavg: 52.544776
decom_nnzmax: 172
totreplwgt: 155424
minpartwgt: 115916
avgpartwgt: 122640.875000
maxpartwgt: 127448
fincut: 1639
finimbal: 0.039197
