inicut: 46231
iniimbal: 0.049589
replr: 0.010000
maxreplwgt: 155426
boun_cmin: 2
boun_cavg: 30.398496
boun_cmax: 82
boun_nmin: 3
boun_navg: 63.496241
boun_nmax: 187
boun_nnzmin: 5
boun_nnzavg: 91.150376
boun_nnzmax: 273
decom_cmin: 2
decom_cavg: 23.624060
decom_cmax: 56
decom_nmin: 3
decom_navg: 40.481203
decom_nmax: 119
decom_nnzmin: 5
decom_nnzavg: 53.233083
decom_nnzmax: 172
totreplwgt: 155412
minpartwgt: 115916
avgpartwgt: 122640.781250
maxpartwgt: 127448
fincut: 2070
finimbal: 0.039198
