inicut: 66437
iniimbal: 0.385393
replr: 0.010000
maxreplwgt: 24657
boun_cmin: 2
boun_cavg: 21.490066
boun_cmax: 52
boun_nmin: 4
boun_navg: 46.966887
boun_nmax: 125
boun_nnzmin: 4
boun_nnzavg: 75.350993
boun_nnzmax: 232
decom_cmin: 2
decom_cavg: 11.582781
decom_cmax: 12
decom_nmin: 4
decom_navg: 11.986755
decom_nmax: 26
decom_nnzmin: 2
decom_nnzavg: 7.827815
decom_nnzmax: 31
totreplwgt: 24652
minpartwgt: 5476
avgpartwgt: 9728.218750
maxpartwgt: 13344
fincut: 56492
finimbal: 0.371680
