inicut: 44470
iniimbal: 0.926828
replr: 0.100000
maxreplwgt: 120690
boun_cmin: 1
boun_cavg: 12.766938
boun_cmax: 47
boun_nmin: 1
boun_navg: 30.932249
boun_nmax: 104
boun_nnzmin: 1
boun_nnzavg: 47.368564
boun_nnzmax: 207
decom_cmin: 1
decom_cavg: 6.596206
decom_cmax: 24
decom_nmin: 1
decom_navg: 10.956640
decom_nmax: 65
decom_nnzmin: 1
decom_nnzavg: 12.859079
decom_nnzmax: 88
totreplwgt: 120672
minpartwgt: 0
avgpartwgt: 5185.859375
maxpartwgt: 9084
fincut: 6570
finimbal: 0.751687
